               #####        0.0000000000        0.2666666806        0.5333333611        0.8000000119        1.0666667223        1.3333333731        1.6000000238        1.8666666746        2.1333334446        2.4000000954        2.6666667461        2.9333333969        3.2000000477        3.4666666985        3.7333333492        4.0000000000
        0.0009999999        0.0000001984        0.0000001505        0.0000001148        0.0000000889        0.0000000701        0.0000000564        0.0000000462        0.0000000384        0.0000000324        0.0000000277        0.0000000239        0.0000000208        0.0000000183        0.0000000162        0.0000000145        0.0000000130
        0.0010843660        0.0000002728        0.0000002069        0.0000001578        0.0000001222        0.0000000964        0.0000000776        0.0000000635        0.0000000528        0.0000000446        0.0000000381        0.0000000329        0.0000000287        0.0000000252        0.0000000223        0.0000000199        0.0000000179
        0.0011758497        0.0000003749        0.0000002843        0.0000002168        0.0000001679        0.0000001325        0.0000001066        0.0000000873        0.0000000726        0.0000000613        0.0000000523        0.0000000452        0.0000000394        0.0000000346        0.0000000307        0.0000000274        0.0000000245
        0.0012750509        0.0000005150        0.0000003906        0.0000002978        0.0000002306        0.0000001820        0.0000001464        0.0000001199        0.0000000998        0.0000000842        0.0000000719        0.0000000621        0.0000000541        0.0000000476        0.0000000421        0.0000000376        0.0000000337
        0.0013826219        0.0000007072        0.0000005363        0.0000004090        0.0000003167        0.0000002499        0.0000002011        0.0000001646        0.0000001370        0.0000001156        0.0000000987        0.0000000852        0.0000000743        0.0000000653        0.0000000579        0.0000000516        0.0000000463
        0.0014992683        0.0000009705        0.0000007361        0.0000005613        0.0000004346        0.0000003430        0.0000002760        0.0000002260        0.0000001880        0.0000001586        0.0000001355        0.0000001170        0.0000001020        0.0000000897        0.0000000794        0.0000000708        0.0000000635
        0.0016257558        0.0000013312        0.0000010096        0.0000007698        0.0000005962        0.0000004705        0.0000003785        0.0000003099        0.0000002578        0.0000002175        0.0000001858        0.0000001604        0.0000001399        0.0000001230        0.0000001089        0.0000000971        0.0000000872
        0.0017629144        0.0000018247        0.0000013839        0.0000010553        0.0000008172        0.0000006450        0.0000005188        0.0000004249        0.0000003534        0.0000002982        0.0000002547        0.0000002199        0.0000001917        0.0000001686        0.0000001493        0.0000001332        0.0000001195
        0.0019116437        0.0000024994        0.0000018957        0.0000014455        0.0000011194        0.0000008835        0.0000007107        0.0000005820        0.0000004841        0.0000004085        0.0000003489        0.0000003013        0.0000002626        0.0000002309        0.0000002045        0.0000001824        0.0000001637
        0.0020729215        0.0000034209        0.0000025946        0.0000019784        0.0000015321        0.0000012092        0.0000009728        0.0000007965        0.0000006627        0.0000005591        0.0000004775        0.0000004123        0.0000003595        0.0000003160        0.0000002799        0.0000002497        0.0000002240
        0.0022478057        0.0000046781        0.0000035481        0.0000027055        0.0000020951        0.0000016536        0.0000013303        0.0000010893        0.0000009062        0.0000007645        0.0000006530        0.0000005639        0.0000004916        0.0000004322        0.0000003828        0.0000003414        0.0000003063
        0.0024374432        0.0000063911        0.0000048474        0.0000036963        0.0000028624        0.0000022591        0.0000018174        0.0000014882        0.0000012381        0.0000010445        0.0000008922        0.0000007704        0.0000006716        0.0000005904        0.0000005230        0.0000004664        0.0000004185
        0.0026430807        0.0000087222        0.0000066155        0.0000050445        0.0000039065        0.0000030832        0.0000024803        0.0000020310        0.0000016897        0.0000014255        0.0000012176        0.0000010514        0.0000009165        0.0000008058        0.0000007138        0.0000006366        0.0000005712
        0.0028660672        0.0000118897        0.0000090180        0.0000068765        0.0000053252        0.0000042030        0.0000033812        0.0000027686        0.0000023033        0.0000019433        0.0000016599        0.0000014332        0.0000012494        0.0000010985        0.0000009731        0.0000008678        0.0000007786
        0.0031078660        0.0000161870        0.0000122775        0.0000093621        0.0000072501        0.0000057222        0.0000046034        0.0000037694        0.0000031359        0.0000026458        0.0000022599        0.0000019513        0.0000017011        0.0000014956        0.0000013248        0.0000011815        0.0000010601
        0.0033700645        0.0000220072        0.0000166922        0.0000127286        0.0000098573        0.0000077800        0.0000062588        0.0000051250        0.0000042637        0.0000035972        0.0000030726        0.0000026530        0.0000023128        0.0000020334        0.0000018012        0.0000016064        0.0000014414
        0.0036543836        0.0000298756        0.0000226607        0.0000172800        0.0000133820        0.0000105620        0.0000084969        0.0000069577        0.0000057884        0.0000048836        0.0000041713        0.0000036018        0.0000031399        0.0000027605        0.0000024454        0.0000021809        0.0000019568
        0.0039626877        0.0000404918        0.0000307136        0.0000234211        0.0000181380        0.0000143159        0.0000115168        0.0000094305        0.0000078457        0.0000066194        0.0000056539        0.0000048820        0.0000042559        0.0000037417        0.0000033146        0.0000029560        0.0000026523
        0.0042970041        0.0000547850        0.0000415560        0.0000316896        0.0000245417        0.0000193703        0.0000155831        0.0000127603        0.0000106159        0.0000089565        0.0000076503        0.0000066057        0.0000057587        0.0000050629        0.0000044849        0.0000039998        0.0000035888
        0.0046595256        0.0000739850        0.0000561212        0.0000427974        0.0000331444        0.0000261605        0.0000210458        0.0000172335        0.0000143375        0.0000120964        0.0000103323        0.0000089216        0.0000077775        0.0000068379        0.0000060572        0.0000054020        0.0000048470
        0.0050526289        0.0000997130        0.0000756392        0.0000576828        0.0000446730        0.0000352603        0.0000283667        0.0000232284        0.0000193250        0.0000163045        0.0000139266        0.0000120252        0.0000104832        0.0000092166        0.0000081644        0.0000072813        0.0000065332
        0.0054788995        0.0001340987        0.0001017265        0.0000775790        0.0000600829        0.0000474238        0.0000381526        0.0000312419        0.0000259920        0.0000219295        0.0000187313        0.0000161739        0.0000140999        0.0000123964        0.0000109813        0.0000097935        0.0000087872
        0.0059411330        0.0001799270        0.0001364967        0.0001040985        0.0000806232        0.0000636373        0.0000511969        0.0000419238        0.0000348791        0.0000294277        0.0000251361        0.0000217043        0.0000189212        0.0000166353        0.0000147362        0.0000131423        0.0000117920
        0.0064423629        0.0002408224        0.0001827013        0.0001393408        0.0001079206        0.0000851851        0.0000685332        0.0000561205        0.0000466906        0.0000393933        0.0000336485        0.0000290547        0.0000253291        0.0000222690        0.0000197268        0.0000175931        0.0000157856
        0.0069858800        0.0003214791        0.0002439047        0.0001860259        0.0001440825        0.0001137311        0.0000915004        0.0000749287        0.0000623390        0.0000525963        0.0000449263        0.0000387929        0.0000338187        0.0000297331        0.0000263389        0.0000234901        0.0000210767
        0.0075752512        0.0004279422        0.0003246971        0.0002476572        0.0001918239        0.0001514191        0.0001218237        0.0000997614        0.0000830000        0.0000700288        0.0000598170        0.0000516510        0.0000450283        0.0000395886        0.0000350694        0.0000312763        0.0000280630
        0.0082143452        0.0005679475        0.0004309545        0.0003287201        0.0002546210        0.0002009944        0.0001617125        0.0001324283        0.0001101796        0.0000929616        0.0000794061        0.0000685662        0.0000597749        0.0000525539        0.0000465548        0.0000415196        0.0000372539
        0.0089073535        0.0007513242        0.0005701447        0.0004349164        0.0003368934        0.0002659474        0.0002139761        0.0001752306        0.0001457927        0.0001230105        0.0001050743        0.0000907309        0.0000790981        0.0000695431        0.0000616048        0.0000549420        0.0000492975
        0.0096588321        0.0009904660        0.0007516868        0.0005734391        0.0004442175        0.0003506829        0.0002821601        0.0002310727        0.0001922565        0.0001622156        0.0001385641        0.0001196500        0.0001043100        0.0000917099        0.0000812416        0.0000724553        0.0000650117
        0.0104737049        0.0013008461        0.0009873444        0.0007532742        0.0005835609        0.0004607052        0.0003706956        0.0003035850        0.0002525923        0.0002131266        0.0001820540        0.0001572049        0.0001370510        0.0001204966        0.0001067429        0.0000951990        0.0000854192
        0.0113573298        0.0017015868        0.0012916602        0.0009855339        0.0007635423        0.0006028241        0.0004850651        0.0003972596        0.0003305391        0.0002788990        0.0002382402        0.0002057240        0.0001793513        0.0001576885        0.0001396904        0.0001245839        0.0001117859
        0.0123155033        0.0022160008        0.0016823736        0.0012837774        0.0009946801        0.0007853523        0.0006319626        0.0005175813        0.0004306626        0.0003633867        0.0003104152        0.0002680513        0.0002336908        0.0002054662        0.0001820160        0.0001623331        0.0001456579
        0.0133545147        0.0028720745        0.0021807894        0.0016642960        0.0012896170        0.0010182830        0.0008194360        0.0006711463        0.0005584534        0.0004712242        0.0004025396        0.0003476075        0.0003030522        0.0002664526        0.0002360435        0.0002105196        0.0001888956
        0.0144811822        0.0037027667        0.0028120121        0.0021462953        0.0016632614        0.0013134038        0.0010569807        0.0008657370        0.0007203916        0.0006078820        0.0005192881        0.0004484307        0.0003909567        0.0003437444        0.0003045168        0.0002715906        0.0002436950
        0.0157029033        0.0047459863        0.0036049348        0.0027518903        0.0021327876        0.0016842978        0.0013555411        0.0011103257        0.0009239481        0.0007796678        0.0006660512        0.0005751774        0.0005014656        0.0004409132        0.0003906003        0.0003483692        0.0003125897
        0.0170276947        0.0060440726        0.0045918534        0.0035058141        0.0027174116        0.0021461679        0.0017273693        0.0014149591        0.0011774900        0.0009936466        0.0008488679        0.0007330650        0.0006391289        0.0005619609        0.0004978402        0.0004440187        0.0003984187
        0.0184642505        0.0076426426        0.0058075855        0.0044347495        0.0034378746        0.0027154309        0.0021857002        0.0017904928        0.0014900604        0.0012574554        0.0010742664        0.0009277342        0.0008088669        0.0007112149        0.0006300715        0.0005619603        0.0005042524
        0.0200219974        0.0095887631        0.0072880848        0.0055662659        0.0043156184        0.0034090660        0.0027442279        0.0022481605        0.0018710190        0.0015790012        0.0013490074        0.0011650268        0.0010157756        0.0008931585        0.0007912669        0.0007057387        0.0006332726
        0.0217111744        0.0119286869        0.0090687042        0.0069274907        0.0053717550        0.0042437981        0.0034164456        0.0027990371        0.0023295966        0.0019660823        0.0016797595        0.0014507070        0.0012648836        0.0011122157        0.0009853479        0.0008788530        0.0007886203
        0.0235428624        0.0147057669        0.0111825783        0.0085438602        0.0066260840        0.0052353209        0.0042150216        0.0034535234        0.0028744636        0.0024260273        0.0020727904        0.0017901929        0.0015609198        0.0013725476        0.0012160026        0.0010845946        0.0009732502
        0.0255290754        0.0179599747        0.0136602335        0.0104387840        0.0080968309        0.0063980781        0.0051516136        0.0042211926        0.0035136032        0.0029655842        0.0025338749        0.0021884781        0.0019082418        0.0016779887        0.0014866310        0.0013259976        0.0011898871
        0.0276828632        0.0217307322        0.0165316444        0.0126352077        0.0098018255        0.0077461908        0.0062376182        0.0051113991        0.0042548156        0.0035913456        0.0030686529        0.0026504386        0.0023111049        0.0020322849        0.0018005540        0.0016060269        0.0014411927
        0.0300183576        0.0260647796        0.0198321845        0.0151600931        0.0117619662        0.0092961751        0.0074863392        0.0061350563        0.0051071923        0.0043109939        0.0036836930        0.0031817523        0.0027744656        0.0024397979        0.0021616372        0.0019281324        0.0017302653
        0.0325508825        0.0310300663        0.0236130804        0.0180523656        0.0140073560        0.0110717779        0.0089168884        0.0073078191        0.0060837674        0.0051355315        0.0043884008        0.0037905469        0.0033054124        0.0029067630        0.0025754070        0.0022972466        0.0020615319
        0.0352970622        0.0367349796        0.0279559512        0.0213739984        0.0165858585        0.0131107317        0.0105595971        0.0086545218        0.0072052022        0.0060823965        0.0051976759        0.0044896915        0.0039151674        0.0034430509        0.0030506097        0.0027211709        0.0024419962
        0.0382749364        0.0433507562        0.0329898000        0.0252229068        0.0195730906        0.0154726161        0.0124623608        0.0102143660        0.0085041057        0.0071790987        0.0061350181        0.0052994811        0.0046214289        0.0040642242        0.0036010330        0.0032122063        0.0028826974
        0.0415040329        0.0511353128        0.0389089435        0.0297465995        0.0230829660        0.0182471909        0.0146973059        0.0120463818        0.0100295758        0.0084670596        0.0072358088        0.0062504681        0.0054508331        0.0047937059        0.0042474261        0.0037888617        0.0034002466
        0.0450055674        0.0604580268        0.0459917150        0.0351563729        0.0272786357        0.0215629786        0.0173677243        0.0142350895        0.0118519031        0.0100055737        0.0085506896        0.0073863827        0.0064415052        0.0056650173        0.0050194878        0.0044776276        0.0040184171
        0.0488025099        0.0718229339        0.0546178259        0.0417403728        0.0323825367        0.0255951900        0.0206143782        0.0168956686        0.0140668638        0.0118754199        0.0101486547        0.0087667964        0.0076453816        0.0067238244        0.0059576673        0.0053145839        0.0047695865
        0.0529197752        0.0858770385        0.0652742162        0.0498678312        0.0386794880        0.0305680633        0.0246173646        0.0201754309        0.0167969353        0.0141798956        0.0121179111        0.0104678608        0.0091288378        0.0080284867        0.0071136616        0.0063458411        0.0056951339
        0.0573844090        0.1033592448        0.0785155743        0.0599583760        0.0464927070        0.0367356949        0.0295805782        0.0242410433        0.0201806072        0.0170357469        0.0145581225        0.0125756040        0.0109668588        0.0096449209        0.0085458476        0.0076234653        0.0068417760
        0.0622257069        0.1249058396        0.0948150456        0.0723672882        0.0560941473        0.0443110280        0.0356743336        0.0292313937        0.0243330933        0.0205399692        0.0175520126        0.0151613774        0.0132215908        0.0116277300        0.0103025697        0.0091905585        0.0082481857
        0.0674754456        0.1506258845        0.1142394915        0.0871359110        0.0675103143        0.0533118024        0.0429110527        0.0351555794        0.0292612873        0.0246979594        0.0211039186        0.0182287320        0.0158960111        0.0139794480        0.0123859979        0.0110490229        0.0099160383
        0.0731680468        0.1795109659        0.1359979063        0.1036450937        0.0802524015        0.0633467734        0.0509728231        0.0417513028        0.0347457528        0.0293237921        0.0250545070        0.0216397475        0.0188696273        0.0165939704        0.0147020025        0.0131148221        0.0117698703
        0.0793409497        0.2091628760        0.1582324803        0.1204541698        0.0931906328        0.0735160187        0.0591307469        0.0484187417        0.0402855910        0.0339936391        0.0290409457        0.0250805579        0.0218684338        0.0192301162        0.0170367155        0.0151970685        0.0136382971
        0.0860346332        0.2367731780        0.1787645966        0.1358716786        0.1049971879        0.0827610940        0.0665271729        0.0544518232        0.0452910289        0.0382083990        0.0326359160        0.0281814951        0.0245696828        0.0216037761        0.0191381909        0.0170708969        0.0153194182
        0.0932930410        0.2618687749        0.1971893162        0.1495586634        0.1153915673        0.0908500031        0.0729692355        0.0596889593        0.0496253595        0.0418512933        0.0357387327        0.0308550168        0.0268966239        0.0236471985        0.0209461935        0.0186824296        0.0167647880
        0.1011637598        0.2893050015        0.2171613127        0.1642796397        0.1264996678        0.0994516015        0.0797941759        0.0652219802        0.0541951023        0.0456860438        0.0390010774        0.0336634144        0.0293391924        0.0257909596        0.0228419974        0.0203716774        0.0182794649
        0.1096985489        0.3289549351        0.2461637855        0.1857254803        0.1427148879        0.1120238528        0.0897777602        0.0733201504        0.0608859062        0.0513022207        0.0437798798        0.0377778523        0.0329180993        0.0289323125        0.0256202519        0.0228473321        0.0204993449
        0.1189533919        0.3892455101        0.2905800641        0.2187400311        0.1677656919        0.1314927340        0.1052626893        0.0858946219        0.0712831914        0.0600345097        0.0512132794        0.0441798605        0.0384881720        0.0338222757        0.0299457666        0.0267021041        0.0239561275
        0.1289889514        0.4657768607        0.3470011353        0.2606625855        0.1995454431        0.1561638415        0.1248650998        0.1017987579        0.0844243243        0.0710650235        0.0605988652        0.0522603355        0.0455165990        0.0399911776        0.0354014784        0.0315634310        0.0283150710
        0.1398712546        0.5373359323        0.3991646171        0.2989810705        0.2282920182        0.1782856733        0.1423194855        0.1158832237        0.0960131809        0.0807611346        0.0688284338        0.0593317263        0.0516578779        0.0453750156        0.0401576720        0.0357984900        0.0321103446
        0.1516716480        0.5899521708        0.4363120198        0.3253938258        0.2475125194        0.1926917434        0.1534425467        0.1247052178        0.1031743437        0.0866896510        0.0738188252        0.0635920614        0.0553388931        0.0485891327        0.0429866724        0.0383115411        0.0343581736
        0.1644675881        0.6487736106        0.4775663912        0.3544960022        0.2684971094        0.2082727551        0.1653682292        0.1340924501        0.1107464209        0.0929261968        0.0790468305        0.0680404603        0.0591721348        0.0519291274        0.0459208563        0.0409146957        0.0366841890
        0.1783430725        0.7531234026        0.5529065728        0.4092147052        0.3090053797        0.2390234768        0.1893281043        0.1532186866        0.1263438314        0.1058822721        0.0899798796        0.0773915872        0.0672633275        0.0590017363        0.0521524362        0.0464536957        0.0416409895
        0.1933890879        0.8865629435        0.6495730877        0.4796964526        0.3613376319        0.2788151503        0.2203509957        0.1779823899        0.1465316713        0.1226435676        0.1041171402        0.0894777998        0.0777168423        0.0681361705        0.0601980425        0.0536034368        0.0480379909
        0.2097046673        0.9918492436        0.7233493924        0.5318764448        0.3989714384        0.3066499531        0.2415090054        0.1944996417        0.1597440988        0.1334417462        0.1131076515        0.0970832333        0.0842384771        0.0737958029        0.0651516840        0.0579868183        0.0519463979
        0.2273965180        1.1024641991        0.7993519902        0.5847861171        0.4365980029        0.3340931833        0.2620782852        0.2103406340        0.1722577512        0.1435555369        0.1214476004        0.1040808335        0.0901977494        0.0789383054        0.0696292222        0.0619344451        0.0554557852
        0.2465810627        1.2825454473        0.9261791706        0.6754264832        0.5028346181        0.3836930692        0.3001533747        0.2402764857        0.1963208020        0.1632853597        0.1379093826        0.1180256680        0.1021661684        0.0893307179        0.0787295699        0.0699886978        0.0626381487
        0.2673841417        1.4644143581        1.0507483482        0.7625459433        0.5654023886        0.4298550487        0.3351067603        0.2674036026        0.2178637832        0.1807558388        0.1523449868        0.1301513761        0.1124982759        0.0982483625        0.0864944831        0.0768335536        0.0687218904
        0.2899422944        1.6523534060        1.1761009693        0.8478428125        0.6252855062        0.4732092321        0.3673837185        0.2920560837        0.2371447682        0.1961691380        0.1649143547        0.1405856162        0.1212970689        0.1057753190        0.0929930955        0.0825269297        0.0737560615
        0.3144034445        1.9168982506        1.3551105261        0.9710798860        0.7129763365        0.5376289487        0.4160735011        0.3297879994        0.2670457363        0.2203470618        0.1848233342        0.1572473645        0.1354422718        0.1179422662        0.1035507843        0.0918086395        0.0819863901
        0.3409285843        2.1897263527        1.5331678391        1.0898990631        0.7949768901        0.5963322520        0.4594944715        0.3628081083        0.2927651107        0.2408112586        0.2014229298        0.1709485054        0.1469285786        0.1277133077        0.1119382754        0.0991229191        0.0884273276
        0.3696912229        2.5369768143        1.7602441311        1.2415900230        0.8995569348        0.6712636948        0.5150618553        0.4052333236        0.3259595037        0.2673374116        0.2230203748        0.1888290048        0.1619541198        0.1405176222        0.1229455471        0.1087302342        0.0968927741
        0.4008804262        2.9364571571        2.0171458721        1.4098508358        1.0138994455        0.7516312599        0.5738095045        0.4495756030        0.3603334427        0.2945876122        0.2450458556        0.2069384456        0.1770722419        0.1533221453        0.1338838488        0.1182295680        0.1052256525
        0.4347013533        3.4167456627        2.3234903812        1.6088197231        1.1473056078        0.8447669148        0.6412747502        0.5001374483        0.3993296623        0.3253887296        0.2698691189        0.2272949517        0.1940227598        0.1676422060        0.1460824460        0.1287978888        0.1144750044
        0.4713751674        3.9898455143        2.6855952740        1.8416961432        1.3018581867        0.9514601231        0.7175915837        0.5567570925        0.4426445365        0.3593872488        0.2971343398        0.2495614141        0.2124942392        0.1831924468        0.1592796147        0.1401953399        0.1244204342
        0.5111432672        4.6767082214        3.1161844730        2.1163260937        1.4825111628        1.0746669769        0.8050997257        0.6209131479        0.4912917614        0.3973003328        0.3273709714        0.2741463482        0.2328140736        0.2002432495        0.1737020612        0.1526159495        0.1352297515
        0.5542663932        5.4994330406        3.6283020973        2.4404847622        1.6939634085        1.2175908089        0.9052725434        0.6939393282        0.5460022688        0.4395737946        0.3608489335        0.3012145162        0.2550846636        0.2188599706        0.1893914491        0.1660870314        0.1469206214
        0.6010276675        6.4849419594        4.2381572723        2.8240680695        1.9423588514        1.3841222525        1.0209850073        0.7771369219        0.6079255342        0.4869773984        0.3980861902        0.3311200142        0.2795552909        0.2392248660        0.2064853013        0.1807171851        0.1595810801
        0.6517337561        7.6645555496        4.9648237228        3.2788808346        2.2351176739        1.5790114403        1.1553423405        0.8729471564        0.6785746217        0.5405182242        0.4397798777        0.3643490076        0.3065704703        0.2615887523        0.2251708955        0.1966522187        0.1733285934
        0.7067179680        9.0734214783        5.8298444748        3.8183653355        2.5807416439        1.8077138662        1.3119056225        0.9837368727        0.7594463825        0.6013878584        0.4867245257        0.4014534056        0.3365140557        0.2862211764        0.2456390113        0.2140322030        0.1882689446
        0.7663409710       10.7508220673        6.8575997353        4.4579625130        2.9891285896        2.0766482353        1.4948953390        1.1123273373        0.8526099324        0.6708154082        0.5399250388        0.4431165755        0.3698699772        0.3134652674        0.2681322098        0.2330326289        0.2045315504
        0.8309937716       12.7399988174        8.0753221512        5.2152385712        3.4717259407        2.3933417797        1.7093148232        1.2620886564        0.9603707194        0.7505382895        0.6004331112        0.4902090132        0.4073115587        0.3437609971        0.2929670811        0.2538844943        0.2222867012
        0.9011018872       15.0876226425        9.5128955841        6.1098680496        4.0416035652        2.7665197849        1.9610333443        1.4370107651        1.0854754448        0.8424744606        0.6697207093        0.5436485410        0.4493998289        0.3776991665        0.3205426633        0.2768836915        0.2417545617
        0.9771238565       17.8428096771       11.2023477554        7.1634325981        4.7134056091        3.2061355114        2.2568380833        1.6417537928        1.2311553955        0.9488910437        0.7493993640        0.6046850085        0.4971408546        0.4158030152        0.3513724506        0.3023935854        0.2632092237
        1.0595599413       21.0561523438       13.1772918701        8.3991575241        5.5032739639        3.7233736515        2.6044723988        1.8816940784        1.4011676311        1.0724370480        0.8413565159        0.6746786237        0.5515263677        0.4589214921        0.3859350979        0.3308605552        0.2870109081
        1.1489509344       24.7788124084       15.4724483490        9.8417539597        6.4288687706        4.3307733536        3.0127882957        2.1630742550        1.5999295712        1.2162587643        0.9478527904        0.7552704215        0.6137603521        0.5079482794        0.4249782860        0.3627542555        0.3134716749
        1.2458827496       29.0611896515       18.1226692200       11.5167922974        7.5090336800        5.0420575142        3.4916770458        2.4929847717        1.8325213194        1.3840080500        1.0715299845        0.8483861685        0.6852595210        0.5639367700        0.4692890346        0.3987271786        0.3431364298
        1.3509930372       33.9521064758       21.1622409821       13.4502315521        8.7635259628        5.8720364571        4.0520629883        2.8794035912        2.1047410965        1.5799001455        1.2154628038        0.9562820196        0.7676911950        0.6281301975        0.5197977424        0.4394869804        0.3765489757
        1.4649710655       39.4980621338       24.6240749359       15.6677570343       10.2126073837        6.8363747597        4.7058100700        3.3311734200        2.4231238365        1.8087470531        1.3831963539        1.0815784931        0.8630029559        0.7019866705        0.5775990486        0.4858673513        0.4143501818
        1.5885648727       45.7434616089       28.5394096375       18.1943931580       11.8767251968        7.9514322281        5.4656519890        3.8580138683        2.7949898243        2.0760219097        1.5788127184        1.2273230553        0.9734774232        0.7872252464        0.6439905167        0.5388604403        0.4573050439
        1.7225850821       52.7309226990       32.9375114441       21.0539321899       13.7760152817        9.2338800430        6.3449811935        4.4704008102        3.2283887863        2.3878438473        1.8069366217        1.3970044851        1.1017488241        0.8858429193        0.7204867601        0.5996278524        0.5063110590
        1.8679137230       60.5026397705       37.8460083008       24.2687740326       15.9299936295       10.7004699707        7.3576760292        5.1794881821        3.7320868969        2.7509977818        2.0727722645        1.5945969820        1.2508474588        1.0001540184        0.8088543415        0.6695307493        0.5624238849
        2.0255012512       69.1012268066       43.2912063599       27.8597106934       18.3571338654       12.3676309586        8.5178184509        5.9969267845        4.3154630661        3.1728925705        2.3820986748        1.8245731592        1.4242234230        1.1328177452        0.9111391902        0.7501547933        0.6268780231
        2.1963858604       78.5717163086       49.2992362976       31.8462448120       21.0748424530       14.2512769699        9.8395013809        6.9347176552        4.9884228706        3.6615176201        2.7412581444        2.0919158459        1.6257641315        1.2868613005        1.0296884775        0.8433300257        0.7011058927
        2.3816852570       88.9616546631       55.8965377808       36.2467651367       24.0991916656       16.3664894104       11.3365297318        8.0049858093        5.7612419128        4.2253537178        3.1571152210        2.4021060467        1.8598097563        1.4657008648        1.1671786308        0.9511598945        0.7867636681
        2.5826175213      100.3221664429       63.1111602783       41.0792732239       27.4451961517       18.7274761200       13.0222740173        9.2198333740        6.6444611549        4.8733019829        3.6370191574        2.7611148357        2.1311540604        1.6731593609        1.3266360760        1.0760432482        0.8857536912
        2.8005027771      112.7071838379       70.9730377197       46.3619003296       31.1269474030       21.3474636078       14.9094991684       10.5911369324        7.6487021446        5.6145548820        4.1887245178        3.1753582954        2.4450325966        1.9134681225        1.5114506483        1.2206937075        1.0002452135
        3.0367703438      126.1728134155       79.5140991211       52.1134223938       35.1578407288       24.2386817932       17.0101833344       12.1303720474        8.7845096588        6.4584589005        4.8202862740        3.6516294479        2.8070821762        2.1912488937        1.7253732681        1.3881440163        1.1326847076
        3.2929706573      140.7770080566       88.7678909302       58.3537483215       39.5510215759       27.4124927521       19.3355102539       13.8484926224       10.0622158051        7.4144043922        5.5399756432        4.1970424652        3.2233085632        2.5115027428        1.9725166559        1.5817613602        1.2858152390
        3.5707857609      156.5800323486       98.7690963745       65.1042175293       44.3197441101       30.8795413971       21.8958473206       15.7558498383       11.4918289185        8.4916963577        6.3561701775        4.8189454079        3.7000267506        2.8795716763        2.2573394775        1.8052389622        1.4626778364
        3.8720388412      173.6454315186      109.5527038574       72.3874816895       49.4777908325       34.6499557495       24.7007560730       17.8621273041       13.0829114914        9.6994380951        7.2772459984        5.5248346329        4.2437963486        3.3010966778        2.5846192837        2.0625867844        1.6666132212
        4.1987075806      192.0413208008      121.1539382935       80.2271804810       55.0397377014       38.7336044312       27.7590751648       20.1762752533       14.8445158005       11.0464439392        8.3114833832        6.3222651482        4.8613495827        3.7819628716        2.9594161510        2.3581104279        1.9012523890
        4.5529360771      211.8405914307      133.6086273193       88.6473464966       61.0211639404       43.1403541565       31.0790195465       22.7065582275       16.7851104736       12.5411367416        9.4669694901        7.2187590599        5.5595092773        4.3282351494        3.3870296478        2.6963820457        2.1704978943
        4.9370450974      233.1195373535      146.9540863037       97.6718215942       67.4385375977       47.8802680969       34.6682586670       25.4604930878       18.9125289917       14.1914844513       10.7515058517        8.2217187881        6.3451156616        4.9460949898        3.8729407787        3.0821974277        2.4784991741
        5.3535637856      255.9570770264      161.2304840088      107.3242950439       74.3093109131       52.9641418457       38.5342445374       28.4450283051       21.2340316772       16.0049972534       12.1725978851        9.3383941650        7.2249741554        5.6417922974        4.4227795601        3.5205533504        2.8296346664
        5.8052229881      280.4295349121      176.4802856445      117.6280746460       81.6510543823       58.4033393860       42.6842269897       31.6664333344       23.7561607361       17.9885959625       13.7373199463       10.5757513046        8.2057504654        6.4215483665        5.0422368050        4.0165710449        3.2284526825
        6.2949872017      306.6082763672      192.7479705811      128.6073150635       89.4812240601       64.2100372314       47.1255531311       35.1305007935       26.4848251343       20.1486377716       15.4522943497       11.9404602051        9.2939348221        7.2915201187        5.7370285988        4.5754694939        3.6796467304
        6.8260707855      334.5593872070      210.0781555176      140.2874908447       97.8167419434       70.3971252441       51.8659324646       38.8426361084       29.4253120422       22.4908618927       17.3236713409       13.4388198853       10.4957752228        8.2577323914        6.5128312111        5.2025008202        4.1880068779
        7.4019594193      364.3513183594      228.5134124756      152.6961059570      106.6740264893       76.9779052734       56.9136199951       42.8080291748       32.5823135376       25.0204143524       19.3570613861       15.0767288208       11.8172330856        9.3260250092        7.3752374649        5.9029121399        4.7583775520
        8.0264339447      396.0603637695      248.0916748047      165.8621673584      116.0695266724       83.9655532837       62.2774696350       47.0318489075       35.9600105286       27.7418041229       21.5575160980       16.8596343994       13.2639312744       10.5020151138        8.3296995163        6.6818933487        5.3956108093
        8.7035923004      429.7672424316      268.8477783203      179.8150177002      126.0205535889       91.3729324341       67.9670639038       51.5194854736       39.5621871948       30.6589298248       23.9295177460       18.7925014496       14.8411197662       11.7910346985        9.3814888000        7.5445294380        6.1045255661
        9.4378709793      465.5437316895      290.8186340332      194.5826263428      136.5456390381       99.2120971680       73.9923858643       56.2766723633       43.3922996521       33.7750892639       26.4769077301       20.8797512054       16.5536060333       13.1980934143       10.5356397629        8.4957523346        6.8898601532
       10.2341079712      503.4515380859      314.0482482910      210.1901245117      147.6653900146      107.4951248169       80.3638534546       61.3098640442       47.4538383484       37.0931930542       29.2030334473       23.1253299713       18.4058113098       14.7278871536       11.7969598770        9.5403442383        7.7562627792
       11.0975189209      543.5528564453      338.5812072754      226.6589813232      159.4007263184      116.2340545654       87.0913238525       66.6260223389       51.7503356934       40.6155967712       32.1105422974       25.5325355530       20.4016056061       16.3846683502       13.1699151993       10.6828279495        8.7082042694
       12.0337734222      585.9229736328      364.4556274414      244.0111541748      171.7724914551      125.4421157837       94.1843261719       72.2327423096       56.2856063843       44.3444137573       35.2015838623       28.1041507721       22.5443782806       18.1723003387       14.6586494446       11.9274864197        9.7499790192
       13.0490159988      630.6295166016      391.7011108398      262.2734680176      184.7995452881      135.1339263916      101.6518096924       78.1378707886       61.0640106201       48.2816314697       38.4777908325       30.8423290253       24.8369750977       20.0941581726       16.2669296265       13.2783012390       10.8856563568
       14.1499099731      677.7253417969      420.3521423340      281.4757690430      198.4976348877      145.3254394531      109.5025863647       84.3493576050       66.0905685425       52.4293060303       41.9404106140       33.7487068176       27.2816944122       22.1531715393       17.9981307983       14.7389326096       12.1190586090
       15.3436822891      727.2769165039      450.4518432617      301.6445007324      212.8806304932      156.0327758789      117.7462234497       90.8747711182       71.3708953857       56.7897682190       45.5903778076       36.8243713379       29.8802947998       24.3517475128       19.8551864624       16.3126926422       13.4537191391
       16.6381530762      779.3492431641      482.0346069336      322.7988891602      227.9649047852      167.2711791992      126.3932647705       97.7209548950       76.9110107422       61.3657722473       49.4284667969       40.0699234009       32.6339340210       26.6917495728       21.8405666351       18.0024814606       14.8928346634
       18.0418663025      833.9949951172      515.1273193359      344.9580383301      243.7720489502      179.0541229248      135.4560852051      104.8949584961       82.7174301147       66.1609268188       53.4556961060       43.4857368469       35.5433998108       29.1746349335       23.9563522339       19.8108806610       16.4393463135
       19.5639686584      891.2738647461      549.7669067383      368.1472473145      260.3222961426      191.3910827637      144.9473419189      112.4035339355       88.7960205078       71.1790466309       57.6730194092       47.0716285706       38.6087303162       31.8011264801       26.2039699554       21.7398967743       18.0956859589
       21.2145252228      951.2427978516      585.9903564453      392.3942565918      277.6317138672      204.2932281494      154.8803863525      120.2549438477       95.1527328491       76.4250411987       62.0821876526       50.8276557922       41.8298301697       34.5716743469       28.5845603943       23.7912559509       19.8640689850
       23.0042896271     1013.9597778320      623.8211669922      417.7145690918      295.7112731934      217.7739105225      165.2661743164      128.4579925537      101.7925415039       81.9036254883       66.6852035522       54.7535476685       45.2059707642       37.4859962463       31.0985374451       25.9660587311       21.7461299896
       24.9450702667     1079.4733886719      663.2950439453      444.1279907227      314.5783996582      231.8499908447      176.1137237549      137.0234985352      108.7210083008       87.6199798584       71.4851150513       58.8496627808       48.7364730835       40.5435905457       33.7460327148       28.2650833130       23.7432441711
       27.0495891571     1147.8481445312      704.4392089844      471.6589965820      334.2522277832      246.5362701416      187.4304504395      145.9624481201      115.9441223145       93.5787887573       76.4854125977       63.1165962219       52.4204330444       43.7434921265       36.5266151428       30.6885757446       25.8562622070
       29.3316555023     1219.1198730469      747.2895507812      500.3266296387      354.7453918457      261.8432617188      199.2250671387      155.2850036621      123.4690475464       99.7844009399       81.6900939941       67.5556411743       56.2570533752       47.0844116211       39.4394149780       33.2363357544       28.0856208801
       31.8062534332     1293.3363037109      791.8798217773      530.1548461914      376.0697021484      277.7792358398      211.5093994141      164.9990692139      131.3040924072      106.2409667969       87.1033401489       72.1688156128       60.2458572388       50.5649681091       42.4832305908       35.9077148438       30.4313316345
       34.4896240234     1370.6173095703      838.2379760742      561.1619262695      398.2456054688      294.3562622070      224.2969970703      175.1107788086      139.4587249756      112.9530944824       92.7291336060       76.9588317871       64.3868408203       54.1837005615       45.6564941406       38.7016448975       32.8929786682
       37.3993415833     1450.9483642578      886.3557128906      593.3562622070      421.2884826660      311.5883178711      237.5990142822      185.6261901855      147.9426116943      119.9266967773       98.5709991455       81.9287490845       68.6805725098       57.9392738342       48.9573974609       41.6166801453       35.4696846008
       40.5545768738     1534.2833251953      936.3146972656      626.7576293945      445.2060852051      329.4851684570      251.4217376709      196.5537414551      156.7635498047      127.1689987183      104.6328201294       87.0823440552       73.1284866333       61.8308029175       52.3841781616       44.6511459351       38.1603012085
       43.9760475159     1620.9333496094      988.1967163086      661.4264526367      470.0039367676      348.0602722168      265.7716064453      207.9046020508      165.9267425537      134.6876068115      110.9182205200       92.4231262207       77.7327499390       65.8578338623       55.9349822998       47.8029899597       40.9632263184
       47.6861381531     1710.8701171875     1041.8658447266      697.3588867188      495.7134704590      367.3279113770      280.6586914062      219.6886749268      175.4361572266      142.4909057617      117.4315719604       97.9540939331       82.4960098267       70.0203857422       59.6080627441       51.0700263977       43.8764877319
       51.7091789246     1803.7486572266     1097.3933105469      734.4857177734      522.3722534180      387.2779846191      296.0916442871      231.9125976562      185.2974395752      150.5866699219      124.1791076660      103.6782226562       87.4211959839       74.3195343018       63.4020652771       54.4500083923       46.8979110718
       56.0716819763     1900.1947021484     1155.0913085938      772.9561157227      549.9302368164      407.9318847656      312.0870361328      244.5840301514      195.5214996338      158.9807739258      131.1678771973      109.5989913940       92.5115127563       78.7569961548       67.3164443970       57.9408416748       50.0252380371
       60.8022270203     2000.2940673828     1214.6394042969      812.8484497070      578.3953247070      429.3385925293      328.6523437500      257.7075500488      206.1182098389      167.6775054932      138.4057464600      115.7201690674       97.7699584961       83.3350296021       71.3510055542       61.5406837463       53.2559318542
       65.9318084717     2103.1188964844     1275.9637451172      853.9050292969      607.9185791016      451.4608764648      345.7657775879      271.2817077637      217.0879516602      176.6779327393      145.9004821777      122.0473022461      103.1989517212       88.0565109253       75.5063476562       65.2480163574       56.5875587463
       71.4942855835     2209.8720703125     1339.7441406250      896.2913208008      638.4099731445      474.2617797852      363.4635009766      285.3325195312      228.4409790039      185.9882049561      153.6550140381      128.5871582031      108.8019561768       92.9241485596       79.7843704224       69.0619888306       60.0180244446
       77.5259780884     2320.6625976562     1405.4981689453      940.3537597656      669.7357788086      497.8865661621      381.7960205078      299.8747253418      240.1917419434      195.6269836426      161.6746368408      135.3440399170      114.5828170776       97.9407196045       84.1866989136       72.9824371338       63.5450592041
       84.0665435791     2433.8024902344     1472.8535156250      985.5423583984      702.2172851562      522.3082885742      400.6781921387      314.8651123047      252.3233489990      205.5959777832      169.9681396484      142.3276367188      120.5437393188      103.1096649170       88.7158660889       77.0100097656       67.1672821045
       91.1588211060     2551.5654296875     1543.0457763672     1032.0267333984      735.8121337891      547.3483886719      420.1218261719      330.3330078125      264.8428039551      215.8807220459      178.5289154053      149.5472564697      126.6927261353      108.4312210083       93.3755950928       81.1454391479       70.8839950562
       98.8495330811     2673.4130859375     1615.2983398438     1080.4301757812      770.1227416992      573.2481079102      440.2961120605      346.3628845215      277.8072814941      226.5145111084      187.3629913330      156.9953155518      133.0400390625      113.9096755981       98.1668243408       85.3920745850       74.6943359375
      107.1890792847     2797.3061523438     1688.8958740234     1129.9597167969      805.6781005859      600.0981445312      461.0402832031      362.8403320312      291.1661071777      237.5066833496      196.5061340332      164.6772155762      139.5821838379      119.5538940430      103.0911560059       89.7518615723       78.5994796753
      116.2323150635     2926.9919433594     1766.0034179688     1180.7135009766      842.5336303711      627.4626464844      482.2918395996      379.7677001953      304.8897399902      248.8044586182      205.9371643066      172.6169281006      146.3279418945      125.3609924316      108.1564331055       94.2248611450       82.6020507812
      126.0382614136     3059.9116210938     1844.8100585938     1233.7233886719      879.9215087891      655.7468261719      504.3669738770      397.3403015137      319.1093139648      260.4685668945      215.6318359375      180.7918243408      153.2970886230      131.3372497559      113.3602981567       98.8179931641       86.7009048462
      136.6716156006     3195.3376464844     1925.0992431641     1287.7164306641      918.7678222656      685.1132202148      527.0679931641      415.3727416992      333.7575073242      272.5412292480      225.6637878418      189.2069091797      160.4655914307      137.5054626465      118.7025756836      103.5333633423       90.9002227783
      148.2020568848     3337.8759765625     2009.6358642578     1342.9652099609      958.9636230469      714.8854980469      550.1785888672      433.8050842285      348.7167663574      284.8879089355      236.0063629150      197.9199981689      167.8379516602      143.8500823975      124.2046279907      108.3642959595       95.2070541382
      160.7051391602     3481.4543457031     2094.9086914062     1400.8919677734      999.5650024414      745.7051391602      574.2586669922      452.9816589355      364.2427673340      297.6189575195      246.5900573730      206.8748474121      175.4631958008      150.3710327148      129.8604583740      113.3268203735       99.6143417358
      174.2631988525     3630.1335449219     2182.6621093750     1459.3236083984     1041.9514160156      777.6621704102      598.9644775391      472.6251220703      380.2257690430      310.8140869141      257.5558776855      216.0562286377      183.2952423096      157.1096801758      135.6623840332      118.4249038696      104.1289443970
      188.9652862549     3785.4113769531     2274.7583007812     1519.5799560547     1085.5423583984      809.9316406250      623.9962768555      492.6032714844      396.4492797852      324.2399902344      268.8493041992      225.5795440674      191.3367004395      164.0256347656      141.6534729004      123.6409225464      108.7641830444
      204.9075469971     3940.1845703125     2366.5732421875     1582.5491943359     1129.4967041016      843.4514770508      650.2304077148      513.4856567383      413.3606262207      338.0871887207      280.3427734375      235.3436889648      199.6717376709      171.1161193848      147.8098602295      129.0114898682      113.5005569458
      222.1945800781     4104.0107421875     2462.9223632812     1645.5040283203     1175.7150878906      878.0615844727      676.9243774414      534.7388916016      430.6876831055      352.4398498535      292.2954711914      245.3210601807      208.1986999512      178.4641113281      154.1075744629      134.5361938477      118.3539962769
      240.9402618408     4269.9511718750     2561.8452148438     1711.4367675781     1222.5983886719      912.8892822266      704.0241088867      556.3581542969      448.2304077148      366.9632263184      304.5510864258      255.7018585205      216.9346160889      185.9853820801      160.6245117188      140.1790924072      123.3481521606
      261.2674560547     4439.9008789062     2661.4938964844     1779.0255126953     1270.2432861328      949.3811645508      732.5511474609      579.0488281250      466.6187133789      381.9889526367      316.9850463867      266.2800292969      226.0151367188      193.6875915527      167.2982177734      146.0068969727      128.4426269531
      283.3092956543     4617.5166015625     2766.8215332031     1847.2097167969     1320.5778808594      986.5593872070      761.1871948242      601.8778686523      485.2621765137      397.5125732422      329.9819030762      277.0881042480      235.2444915771      201.6858520508      174.1184539795      151.9881896973      133.6765594482
      307.2112731934     4794.0927734375     2871.6215820312     1919.2613525391     1370.5689697266     1024.1750488281      790.5697021484      625.3055419922      504.2174682617      413.1489257812      343.1766967773      288.3635864258      244.7155303955      209.8132934570      181.2051849365      158.0773925781      139.0697326660
      333.1294860840     4982.9443359375     2981.6958007812     1990.7990722656     1422.5570068359     1063.8970947266      821.4046020508      649.8202514648      524.1395874023      429.4458007812      356.6059875488      299.7353515625      254.5612487793      218.1594390869      188.4106903076      164.3895416260      144.5495452881
      361.2343139648     5170.6376953125     3094.3791503906     2065.6857910156     1476.7551269531     1103.4143066406      851.9687500000      674.2246704102      544.0449218750      446.0958251953      370.6796569824      311.4343566895      264.4777221680      226.8235626221      195.7882080078      170.8284912109      150.2002410889
      391.7098693848     5365.2006835938     3207.0000000000     2143.0253906250     1530.1915283203     1144.3906250000      883.9821777344      699.6845703125      564.5808105469      462.9069824219      384.7630920410      323.5894165039      274.7348022461      235.5454864502      203.4550018311      177.3956756592      155.9960327148
      424.7568969727     5566.0122070312     3327.1733398438     2219.4379882812     1587.0997314453     1187.1162109375      916.8612060547      725.8523559570      585.9880981445      480.5533142090      399.2837829590      335.7410888672      285.3095397949      244.5795135498      211.1712493896      184.2260589600      161.8685760498
      460.5924072266     5767.5175781250     3445.7233886719     2301.4489746094     1644.1741943359     1229.1378173828      949.7205200195      752.0289916992      607.1856689453      498.2030639648      414.3860168457      348.4050292969      295.9197692871      253.8671264648      219.1511535645      191.1068267822      167.9705200195
      499.4503173828     5982.2504882812     3571.2048339844     2382.5898437500     1702.7589111328     1273.9379882812      984.4896240234      779.6646728516      629.4672851562      516.3693237305      429.3628234863      361.3345031738      307.0142517090      263.2001953125      227.3725128174      198.1954650879      174.1654510498
      541.5869750977     6192.2954101562     3696.8366699219     2467.2531738281     1763.8298339844     1318.8962402344     1018.9747924805      807.1460571289      652.1017456055      535.2904663086      445.0773620605      374.3482360840      318.2125244141      272.9693298340      235.6208801270      205.5407867432      180.4973754883
      587.2785644531     6416.9003906250     3825.4819335938     2553.8164062500     1823.8398437500     1364.7243652344     1054.9321289062      835.6448364258      674.9264526367      553.9210205078      461.0220642090      388.0104064941      329.6311035156      282.7951049805      244.2623596191      212.8864288330      187.0923614502
      636.8249511719     6638.7006835938     3960.8530273438     2640.3767089844     1888.6649169922     1412.7114257812     1091.9449462891      865.1451416016      698.9304809570      573.6303100586      477.1280212402      401.5843505859      341.5635070801      292.8773498535      252.9796295166      220.5914154053      193.6938018799
      690.5507202148     6872.2148437500     4094.6796875000     2733.2668457031     1952.3371582031     1459.7359619141     1128.4150390625      894.1075439453      722.5357666016      593.5391845703      494.0275878906      415.7118225098      353.3501586914      303.3827819824      261.9201660156      228.4163970947      200.6063995361
      748.8097534180     7108.7094726562     4237.4682617188     2823.7993164062     2018.3162841797     1510.5430908203     1167.5938720703      925.1715698242      747.5498657227      613.6180419922      510.6937866211      430.2689819336      365.7980651855      313.7727050781      271.2451171875      236.3907012939      207.6903839111
      811.9846801758     7350.2646484375     4376.2197265625     2920.3403320312     2086.3044433594     1560.4036865234     1206.0671386719      955.8923339844      772.8192749023      634.7825927734      528.3410034180      444.6724853516      378.4439086914      324.8005676270      280.4835510254      244.7449340820      214.8184967041
      880.4877929688     7601.8388671875     4523.9736328125     3015.4531250000     2153.8623046875     1611.9315185547     1246.3691406250      987.6755981445      798.1211547852      655.5380859375      546.1846923828      460.0497436523      391.1365661621      335.9089965820      290.2911682129      253.0172271729      222.3409271240
      954.7711181641     7850.8994140625     4671.4570312500     3114.2360839844     2226.6733398438     1665.3076171875     1287.2670898438     1020.4326782227      825.0550537109      677.7886962891      564.0850830078      475.2804260254      404.5706787109      347.1694335938      300.1256103516      261.7737426758      229.7861328125
     1035.3214111328     8115.4350585938     4825.4008789062     3216.5925292969     2296.8637695312     1718.0939941406     1328.2770996094     1052.8565673828      851.3839111328      699.9030151367      583.0805053711      491.1018981934      417.7576293945      358.9571533203      310.1047668457      270.5407714844      237.5777435303
     1122.6674804688     8374.1425781250     4982.9755859375     3318.8591308594     2372.3767089844     1775.1791992188     1372.3613281250     1087.9566650391      879.6005249023      722.3908691406      601.6419067383      507.2614135742      431.7369689941      370.5058593750      320.5002136230      279.3915710449      245.4499053955
     1217.3813476562     8652.9218750000     5140.8432617188     3427.8278808594     2446.5969238281     1830.0167236328     1415.0864257812     1121.9306640625      907.3334350586      746.0223388672      621.4512939453      523.2605590820      445.6354370117      382.8382568359      330.6917114258      288.6666259766      253.3263244629
     1320.0882568359     8925.3994140625     5306.4765625000     3532.7824707031     2524.3029785156     1889.1422119141     1460.8675537109     1157.9428710938      935.8655395508      768.9981689453      640.8884277344      540.4242553711      459.6976318359      394.9488220215      341.6079711914      297.7430114746      261.6909790039
     1431.4589843750     9216.3339843750     5470.0800781250     3646.1787109375     2603.9250488281     1947.0607910156     1505.4476318359     1193.6746826172      965.5905151367      793.8408813477      660.8607177734      557.0151977539      474.4907226562      407.4186401367      352.2746582031      307.4761962891      269.8347473145
     1552.2239990234     9501.4960937500     5644.9370117188     3756.2585449219     2683.4689941406     2007.6077880859     1551.9671630859     1230.1477050781      994.7633056641      817.6420898438      681.6649169922      574.6433715820      488.8983154297      420.2898864746      363.3662414551      316.9586181641      278.5319213867
     1683.1790771484     9806.8984375000     5813.9941406250     3874.8293457031     2767.9414062500     2069.5000000000     1599.7221679688     1268.5181884766     1026.1561279297      842.9993286133      702.0997314453      592.0336303711      504.4461364746      432.9917297363      374.6910400391      326.8457031250      287.0409240723
     1825.1823730469    10104.2089843750     5997.8403320312     3991.1740722656     2849.1633300781     2131.1865234375     1647.4792480469     1305.8491210938     1056.0336914062      868.3427734375      724.0989990234      609.8737182617      519.3314819336      446.6474914551      385.9602966309      336.9319152832      295.8571472168
     1979.1677246094    10419.5849609375     6175.3618164062     4113.2382812500     2937.2382812500     2196.9147949219     1698.4163818359     1346.4057617188     1088.2937011719      894.2031250000      745.0014648438      628.5366821289      535.1731567383      459.6635437012      397.9937438965      346.9979858398      304.9500122070
     2146.1403808594    10731.8671875000     6366.2333984375     4235.3842773438     3021.5739746094     2259.9104003906     1746.9829101562     1384.6983642578     1119.8614501953      921.2678222656      767.5554809570      646.7473144531      550.9790649414      473.7385559082      409.5064697266      357.7209777832      313.9577636719
     2327.2016601562    11059.4082031250     6551.6337890625     4361.5278320312     3113.7641601562     2328.5026855469     1799.7402343750     1426.4044189453     1153.0875244141      947.4291992188      789.5939331055      666.4605712891      567.1608886719      487.3857727051      421.9946289062      367.9666137695      323.5812988281
     2523.5385742188    11385.7773437500     6750.5356445312     4490.0991210938     3203.1057128906     2393.8208007812     1850.2478027344     1466.6428222656     1186.7487792969      975.8415527344      812.7927246094      685.0293579102      584.0077514648      501.7618713379      433.9710693359      379.0774230957      332.7528991699
     2736.4396972656    11726.9257812500     6943.7412109375     4618.5141601562     3297.9780273438     2465.4111328125     1905.3765869141     1509.8081054688     1220.3615722656     1002.7380981445      836.3046875000      705.2775268555      600.3490600586      516.2818603516      446.7649230957      389.7311706543      342.6954040527
     2967.2995605469    12067.2900390625     7148.6977539062     4754.3320312500     3391.4675292969     2534.6457519531     1958.6196289062     1552.8514404297     1255.9346923828     1032.2410888672      859.7202758789      724.7819213867      618.0172729492      530.8635864258      459.4620056152      401.1995544434      352.3117370605
     3217.6435546875    12423.8925781250     7352.2875976562     4887.7163085938     3489.8400878906     2608.1994628906     2015.2147216797     1596.5362548828     1290.2425537109     1060.3740234375      884.5674438477      745.6846313477      634.7866210938      546.3422241211      472.5323181152      412.5205078125      362.6396789551
     3489.1035156250    12778.9355468750     7564.7495117188     5029.1137695312     3587.4934082031     2680.6008300781     2071.2517089844     1641.6765136719     1327.4674072266     1090.7535400391      908.4582519531      766.4984741211      653.2461547852      561.1434936523      486.1663208008      424.2517395020      372.8670959473
     3783.4582519531    13148.9453125000     7775.2734375000     5167.9975585938     3687.5380859375     2756.7517089844     2129.3803710938     1686.4606933594     1362.6126708984     1120.8634033203      934.5109863281      787.7642822266      670.7487182617      577.3660888672      499.3836669922      436.3481140137      383.3821716309
     4102.6538085938    13519.2041015625     7997.2236328125     5317.0126953125     3790.8469238281     2832.4282226562     2188.2893066406     1734.0241699219     1401.8066406250     1151.7921142578      959.0523681641      809.6902465820      689.8580322266      592.5892333984      513.6407470703      448.1955566406      394.1684265137
     4448.7788085938    13903.9511718750     8216.8896484375     5460.3369140625     3894.4206542969     2909.8215332031     2247.1616210938     1779.6601562500     1438.9578857422     1183.3796386719      986.4249877930      831.3898925781      708.4868774414      609.4608764648      527.0816650391      460.7811279297      404.7600097656
     4824.1137695312    14288.4277343750     8447.7773437500     5615.7534179688     4002.0129394531     2990.0065917969     2309.6254882812     1829.9492187500     1479.2541503906     1214.9010009766     1012.2721557617      854.4417114258      727.8111572266      625.4421997070      541.9186401367      472.7268066406      415.9876403809
     5231.0957031250    14690.2529296875     8677.5371093750     5764.1674804688     4109.6132812500     3070.1713867188     2370.4841308594     1877.6105957031     1517.9511718750     1248.1553955078     1040.2365722656      876.2545166016      747.1557006836      642.6264038086      555.8245239258      485.8710327148      426.6080322266
     5672.4228515625    15089.9863281250     8915.8447265625     5925.2021484375     4222.9487304688     3153.6364746094     2435.5268554688     1929.5734863281     1559.6085205078     1280.2034912109     1067.0296630859      900.4006958008      766.7033691406      659.2006835938      571.0653686523      498.1759643555      438.3755493164
     6150.9829101562    15509.1191406250     9155.3662109375     6080.9936523438     4334.1582031250     3236.5278320312     2498.6557617188     1978.8843994141     1599.7849121094     1315.0095214844     1095.7996826172      922.9899291992      786.9882812500      676.8054199219      585.4912109375      511.7272033691      449.3533630371
     6669.9169921875    15922.8476562500     9403.7402343750     6247.6445312500     4452.4912109375     3324.2539062500     2566.9208984375     2033.1943359375     1641.8924560547     1348.0484619141     1123.6292724609      947.8563842773      806.7526245117      694.0252075195      601.2233276367      524.4723510742      461.4942932129
     7232.6318359375    16359.2490234375     9651.6855468750     6408.5161132812     4566.4794921875     3409.6389160156     2631.7109375000     2083.8293457031     1684.2611083984     1384.1157226562     1152.6545410156      971.2147827148      828.0974121094      711.7304077148      616.1539306641      538.5412597656      472.8754577637
     7842.8208007812    16785.4726562500     9910.1582031250     6581.4174804688     4689.3247070312     3501.2595214844     2702.8073730469     2139.5458984375     1727.3569335938     1418.2163085938     1182.0528564453      997.2363891602      848.4274291992      729.9372558594      632.1124267578      551.7413940430      485.5655517578
     8504.4882812500    17241.8378906250    10166.6044921875     6747.8833007812     4808.7109375000     3588.5715332031     2769.3657226562     2192.4699707031     1771.1502685547     1455.9738769531     1211.7537841797     1021.2837524414      870.5678100586      748.0851440430      647.8424682617      566.1406860352      497.3377990723
     9221.9794921875    17682.2285156250    10436.5888671875     6928.0361328125     4935.3051757812     3683.6054687500     2842.7995605469     2249.8068847656     1815.8469238281     1490.9074707031     1242.2072753906     1047.9422607422      891.6437377930      767.0874633789      664.1384887695      579.9346313477      510.2976989746
    10000.0009765625    18155.4843750000    10700.7099609375     7100.7592773438     5059.0141601562     3775.2487792969     2912.5712890625     2304.6955566406     1861.8140869141     1529.9364013672     1273.0408935547     1073.1630859375      914.9340209961      785.7759399414      680.6337280273      594.5765991211      522.5442504883
