               #####        0.0000000000        0.2666666806        0.5333333611        0.8000000119        1.0666667223        1.3333333731        1.6000000238        1.8666666746        2.1333334446        2.4000000954        2.6666667461        2.9333333969        3.2000000477        3.4666666985        3.7333333492        4.0000000000
        0.0009999999        0.0000001984        0.0000001480        0.0000001112        0.0000000850        0.0000000664        0.0000000529        0.0000000430        0.0000000356        0.0000000298        0.0000000254        0.0000000218        0.0000000190        0.0000000166        0.0000000147        0.0000000131        0.0000000117
        0.0010843660        0.0000002709        0.0000002023        0.0000001522        0.0000001164        0.0000000910        0.0000000726        0.0000000590        0.0000000488        0.0000000410        0.0000000348        0.0000000300        0.0000000261        0.0000000229        0.0000000202        0.0000000180        0.0000000161
        0.0011758497        0.0000003700        0.0000002767        0.0000002083        0.0000001595        0.0000001247        0.0000000996        0.0000000810        0.0000000670        0.0000000563        0.0000000479        0.0000000412        0.0000000358        0.0000000314        0.0000000278        0.0000000247        0.0000000222
        0.0012750509        0.0000005054        0.0000003784        0.0000002851        0.0000002185        0.0000001709        0.0000001365        0.0000001111        0.0000000920        0.0000000773        0.0000000657        0.0000000566        0.0000000492        0.0000000432        0.0000000382        0.0000000340        0.0000000305
        0.0013826219        0.0000006904        0.0000005173        0.0000003901        0.0000002992        0.0000002342        0.0000001872        0.0000001524        0.0000001262        0.0000001060        0.0000000902        0.0000000777        0.0000000676        0.0000000593        0.0000000524        0.0000000467        0.0000000418
        0.0014992683        0.0000009429        0.0000007072        0.0000005337        0.0000004097        0.0000003209        0.0000002565        0.0000002089        0.0000001730        0.0000001454        0.0000001237        0.0000001067        0.0000000927        0.0000000813        0.0000000720        0.0000000641        0.0000000574
        0.0016257558        0.0000012876        0.0000009665        0.0000007300        0.0000005606        0.0000004394        0.0000003513        0.0000002863        0.0000002372        0.0000001994        0.0000001697        0.0000001463        0.0000001272        0.0000001116        0.0000000987        0.0000000879        0.0000000788
        0.0017629144        0.0000017578        0.0000013205        0.0000009981        0.0000007669        0.0000006013        0.0000004810        0.0000003921        0.0000003249        0.0000002732        0.0000002326        0.0000002005        0.0000001744        0.0000001530        0.0000001353        0.0000001206        0.0000001080
        0.0019116437        0.0000023988        0.0000018034        0.0000013639        0.0000010486        0.0000008225        0.0000006582        0.0000005366        0.0000004448        0.0000003741        0.0000003185        0.0000002746        0.0000002389        0.0000002096        0.0000001854        0.0000001652        0.0000001481
        0.0020729215        0.0000032721        0.0000024615        0.0000018627        0.0000014328        0.0000011244        0.0000009001        0.0000007340        0.0000006085        0.0000005119        0.0000004359        0.0000003759        0.0000003270        0.0000002869        0.0000002539        0.0000002262        0.0000002027
        0.0022478057        0.0000044607        0.0000033578        0.0000025423        0.0000019565        0.0000015359        0.0000012299        0.0000010032        0.0000008319        0.0000006999        0.0000005961        0.0000005141        0.0000004473        0.0000003925        0.0000003473        0.0000003095        0.0000002774
        0.0024374432        0.0000060770        0.0000045770        0.0000034672        0.0000026694        0.0000020962        0.0000016791        0.0000013699        0.0000011362        0.0000009561        0.0000008144        0.0000007024        0.0000006112        0.0000005364        0.0000004747        0.0000004230        0.0000003791
        0.0026430807        0.0000082723        0.0000062337        0.0000047244        0.0000036387        0.0000028583        0.0000022902        0.0000018689        0.0000015503        0.0000013048        0.0000011116        0.0000009587        0.0000008343        0.0000007323        0.0000006481        0.0000005775        0.0000005177
        0.0028660672        0.0000112507        0.0000084821        0.0000064312        0.0000049550        0.0000038935        0.0000031204        0.0000025468        0.0000021130        0.0000017787        0.0000015155        0.0000013072        0.0000011377        0.0000009986        0.0000008838        0.0000007876        0.0000007060
        0.0031078660        0.0000152857        0.0000115292        0.0000087449        0.0000067400        0.0000052975        0.0000042465        0.0000034667        0.0000028766        0.0000024217        0.0000020637        0.0000017802        0.0000015494        0.0000013602        0.0000012038        0.0000010728        0.0000009617
        0.0033700645        0.0000207439        0.0000156524        0.0000118766        0.0000091564        0.0000071987        0.0000057718        0.0000047126        0.0000039110        0.0000032930        0.0000028064        0.0000024210        0.0000021074        0.0000018501        0.0000016375        0.0000014594        0.0000013083
        0.0036543836        0.0000281152        0.0000212222        0.0000161081        0.0000124224        0.0000097687        0.0000078338        0.0000063973        0.0000053099        0.0000044713        0.0000038110        0.0000032879        0.0000028621        0.0000025129        0.0000022242        0.0000019823        0.0000017772
        0.0039626877        0.0000380521        0.0000287325        0.0000218153        0.0000168280        0.0000132360        0.0000106163        0.0000086709        0.0000071979        0.0000060617        0.0000051671        0.0000044580        0.0000038810        0.0000034077        0.0000030164        0.0000026883        0.0000024103
        0.0042970041        0.0000514215        0.0000388393        0.0000294971        0.0000227591        0.0000179047        0.0000143634        0.0000117329        0.0000097409        0.0000082040        0.0000069940        0.0000060344        0.0000052537        0.0000046132        0.0000040836        0.0000036396        0.0000032633
        0.0046595256        0.0000693710        0.0000524114        0.0000398148        0.0000307266        0.0000241773        0.0000193983        0.0000158478        0.0000131585        0.0000110834        0.0000094495        0.0000081534        0.0000070990        0.0000062339        0.0000055184        0.0000049186        0.0000044102
        0.0050526289        0.0000934147        0.0000705947        0.0000536402        0.0000414046        0.0000325849        0.0000261477        0.0000213644        0.0000177406        0.0000149442        0.0000127421        0.0000109949        0.0000095735        0.0000084072        0.0000074426        0.0000066338        0.0000059482
        0.0054788995        0.0001255429        0.0000948960        0.0000721203        0.0000556795        0.0000438258        0.0000351726        0.0000287414        0.0000238686        0.0000201077        0.0000171460        0.0000147955        0.0000128835        0.0000113145        0.0000100165        0.0000089282        0.0000080058
        0.0059411330        0.0001683610        0.0001272875        0.0000967561        0.0000747117        0.0000588146        0.0000472076        0.0000385797        0.0000320415        0.0000269947        0.0000230203        0.0000198652        0.0000172987        0.0000151927        0.0000134502        0.0000119891        0.0000107507
        0.0064423629        0.0002252644        0.0001703400        0.0001295040        0.0001000136        0.0000787430        0.0000632100        0.0000516621        0.0000429102        0.0000361538        0.0000308328        0.0000266078        0.0000231712        0.0000203511        0.0000180174        0.0000160605        0.0000144019
        0.0069858800        0.0003006576        0.0002273876        0.0001729019        0.0001335472        0.0001051570        0.0000844219        0.0000690046        0.0000573187        0.0000482964        0.0000411909        0.0000355475        0.0000309576        0.0000271907        0.0000240733        0.0000214591        0.0000192434
        0.0075752512        0.0004002229        0.0003027325        0.0002302242        0.0001778436        0.0001400514        0.0001124457        0.0000919177        0.0000763564        0.0000643409        0.0000548778        0.0000473605        0.0000412468        0.0000362292        0.0000320763        0.0000285935        0.0000256416
        0.0082143452        0.0005312491        0.0004018926        0.0003056706        0.0002361497        0.0001859846        0.0001493370        0.0001220823        0.0001014202        0.0000854647        0.0000728984        0.0000629141        0.0000547945        0.0000481304        0.0000426140        0.0000379877        0.0000340666
        0.0089073535        0.0007030221        0.0005318981        0.0004045916        0.0003126016        0.0002462160        0.0001977140        0.0001616401        0.0001342899        0.0001131681        0.0000965328        0.0000833134        0.0000725632        0.0000637399        0.0000564355        0.0000503095        0.0000451172
        0.0096588321        0.0009272890        0.0007016415        0.0005337556        0.0004124312        0.0003248683        0.0002608886        0.0002132995        0.0001772164        0.0001493486        0.0001274000        0.0001099557        0.0000957704        0.0000841274        0.0000744879        0.0000664032        0.0000595509
        0.0104737049        0.0012187741        0.0009222697        0.0007016451        0.0005421955        0.0004271079        0.0003430109        0.0002804545        0.0002330202        0.0001963837        0.0001675285        0.0001445921        0.0001259415        0.0001106330        0.0000979579        0.0000873270        0.0000783165
        0.0113573298        0.0015957599        0.0012076218        0.0009187919        0.0007100345        0.0005593483        0.0004492327        0.0003673180        0.0003052022        0.0002572241        0.0002194360        0.0001893959        0.0001649696        0.0001449200        0.0001283183        0.0001143939        0.0001025918
        0.0123155033        0.0020806687        0.0015746687        0.0011981096        0.0009259289        0.0007294528        0.0005858693        0.0004790541        0.0003980535        0.0003354868        0.0002862083        0.0002470304        0.0002151749        0.0001890267        0.0001673740        0.0001492129        0.0001338200
        0.0133545147        0.0027006164        0.0020439331        0.0015552123        0.0012019447        0.0009469258        0.0007605541        0.0006219040        0.0005167598        0.0004355421        0.0003715739        0.0003207138        0.0002793604        0.0002454156        0.0002173057        0.0001937283        0.0001737447
        0.0144811822        0.0034878373        0.0026398047        0.0020086537        0.0015524179        0.0012230589        0.0009823540        0.0008032803        0.0006674795        0.0005625798        0.0004799599        0.0004142669        0.0003608543        0.0003170104        0.0002807019        0.0002502477        0.0002244354
        0.0157029033        0.0044798683        0.0033906794        0.0025800301        0.0019940303        0.0015709895        0.0012618166        0.0010318045        0.0008573742        0.0007226347        0.0006165132        0.0005321318        0.0004635252        0.0004072091        0.0003605714        0.0003214533        0.0002882977
        0.0170276947        0.0057193292        0.0043287873        0.0032938439        0.0025457055        0.0020056150        0.0016108996        0.0013172493        0.0010945605        0.0009225445        0.0007870654        0.0006793406        0.0005917553        0.0005198607        0.0004603218        0.0004103825        0.0003680553
        0.0184642505        0.0072532068        0.0054896390        0.0041770800        0.0032282730        0.0025433272        0.0020427564        0.0016703608        0.0013879609        0.0011698256        0.0009980242        0.0008614224        0.0007503587        0.0006591926        0.0005836954        0.0005203714        0.0004666993
        0.0200219974        0.0091315759        0.0069110529        0.0052584535        0.0040638833        0.0032015501        0.0025713604        0.0021025517        0.0017470487        0.0014724541        0.0012561886        0.0010842425        0.0009444410        0.0008296875        0.0007346599        0.0006549556        0.0005874003
        0.0217111744        0.0114060100        0.0086319279        0.0065674717        0.0050752787        0.0039981552        0.0032110370        0.0026255136        0.0021815235        0.0018385948        0.0015685137        0.0013537998        0.0011792225        0.0010359272        0.0009172703        0.0008177485        0.0007333968
        0.0235428624        0.0141281793        0.0106911762        0.0081336014        0.0062851361        0.0049509453        0.0039760410        0.0032508716        0.0027010229        0.0022763547        0.0019419028        0.0016760466        0.0014598814        0.0012824547        0.0011355455        0.0010123306        0.0009078974
        0.0255290754        0.0173498802        0.0131277200        0.0099862609        0.0077160574        0.0060776356        0.0048805368        0.0039901673        0.0033151067        0.0027937710        0.0023831928        0.0020568762        0.0017915401        0.0015737622        0.0013934586        0.0012422402        0.0011140726
        0.0276828632        0.0211260021        0.0159827136        0.0121564912        0.0093918508        0.0073968577        0.0059394119        0.0048555145        0.0040338025        0.0033992662        0.0028995448        0.0025024589        0.0021795612        0.0019145501        0.0016951659        0.0015111781        0.0013552365
        0.0300183576        0.0255217925        0.0193050336        0.0146811306        0.0113407439        0.0089306962        0.0071702907        0.0058612535        0.0048689744        0.0041028066        0.0034994294        0.0030200935        0.0026302869        0.0023103761        0.0020455809        0.0018235189        0.0016353069
        0.0325508825        0.0306253433        0.0231607035        0.0176099632        0.0136009175        0.0107090287        0.0085970424        0.0070268111        0.0058367029        0.0049178987        0.0041943341        0.0036196779        0.0031523181        0.0027687820        0.0024513728        0.0021852013        0.0019596033
        0.0352970622        0.0365646444        0.0276457872        0.0210155323        0.0162280686        0.0127754891        0.0102545470        0.0083806003        0.0069605196        0.0058643278        0.0050010900        0.0043157218        0.0037582724        0.0033008312        0.0029223277        0.0026049414        0.0023359354
        0.0382749364        0.0435274616        0.0329014212        0.0250045583        0.0193042196        0.0151944058        0.0121942814        0.0099645779        0.0082751978        0.0069713369        0.0059445938        0.0051296894        0.0044668191        0.0039229053        0.0034729384        0.0030956503        0.0027758726
        0.0415040329        0.0517825037        0.0391297936        0.0297300592        0.0229471046        0.0180581734        0.0144902086        0.0118390666        0.0098307505        0.0082810055        0.0070606773        0.0060924827        0.0053048418        0.0046585947        0.0041240780        0.0036759255        0.0032960852
        0.0450055674        0.0617014281        0.0466107242        0.0354039557        0.0273198299        0.0214948580        0.0172449052        0.0140877441        0.0116965761        0.0098517267        0.0083990814        0.0072469977        0.0063096667        0.0055406583        0.0049047368        0.0043715988        0.0039197244
        0.0488025099        0.0737777501        0.0557159297        0.0423078500        0.0326392166        0.0256747380        0.0205947682        0.0168218948        0.0139649715        0.0117611829        0.0100259753        0.0086503038        0.0075309551        0.0066126841        0.0058534858        0.0052170376        0.0046775998
        0.0529197752        0.0886275992        0.0669093952        0.0507931933        0.0391758271        0.0308102518        0.0247099623        0.0201803502        0.0167510752        0.0141062615        0.0120238895        0.0103735784        0.0090306429        0.0079290299        0.0070184292        0.0062551061        0.0056081316
        0.0573844090        0.1069278270        0.0807002410        0.0612451620        0.0472258776        0.0371338241        0.0297765248        0.0243147947        0.0201806296        0.0169927366        0.0144828837        0.0124944812        0.0108762849        0.0095489686        0.0084520131        0.0075325281        0.0067531946
        0.0622257069        0.1292147785        0.0974895656        0.0739656910        0.0570205525        0.0448261537        0.0359386504        0.0293424856        0.0243506338        0.0205020588        0.0174721945        0.0150726559        0.0131197097        0.0115179289        0.0101944013        0.0090850703        0.0081448285
        0.0674754456        0.1554811001        0.1172640622        0.0889393911        0.0685445443        0.0538729690        0.0431833751        0.0352518633        0.0292508081        0.0246251058        0.0209836345        0.0181008708        0.0157544240        0.0138300555        0.0122403242        0.0109079694        0.0097786924
        0.0731680468        0.1846729815        0.1392136961        0.1055415720        0.0813096613        0.0638861433        0.0511967428        0.0417846851        0.0346655399        0.0291794725        0.0248610303        0.0214440729        0.0186624974        0.0163815245        0.0144977272        0.0129190553        0.0115810111
        0.0793409497        0.2145770192        0.1616448015        0.1224714369        0.0943028629        0.0740627125        0.0593306683        0.0484089442        0.0401513986        0.0337904729        0.0287839510        0.0248253364        0.0216023531        0.0189598128        0.0167782586        0.0149502978        0.0134009682
        0.0860346332        0.2429086119        0.1828052700        0.1383809149        0.1064730063        0.0835687295        0.0669116378        0.0545715354        0.0452472083        0.0380683877        0.0324190706        0.0279565603        0.0243226159        0.0213437937        0.0188859403        0.0168268345        0.0150816245
        0.0932930410        0.2698530853        0.2028125823        0.1533450782        0.1178692579        0.0924375281        0.0739630684        0.0602894500        0.0499656685        0.0420229509        0.0357740037        0.0308439359        0.0268283561        0.0235376395        0.0208243076        0.0185517184        0.0166256092
        0.1011637598        0.3004263639        0.2254467905        0.1702296138        0.1306998879        0.1024047732        0.0818763822        0.0666987449        0.0552496575        0.0464481041        0.0395254567        0.0340712517        0.0296277832        0.0259875972        0.0229883548        0.0204769671        0.0183485448
        0.1096985489        0.3434405327        0.2573657930        0.1940921098        0.1488676965        0.1165410429        0.0931149870        0.0758117735        0.0627698377        0.0527509563        0.0448730066        0.0386735052        0.0336219855        0.0294848811        0.0260784682        0.0232268125        0.0208101124
        0.1189533919        0.4048444331        0.3030458391        0.2283197939        0.1749778092        0.1368901879        0.1093146801        0.0889621377        0.0736316368        0.0618612804        0.0526081808        0.0453332067        0.0394046158        0.0345503464        0.0305554587        0.0272117984        0.0243782271
        0.1289889514        0.4778856635        0.3573007882        0.2689182460        0.2059130818        0.1609779298        0.1284765005        0.1045077741        0.0864656866        0.0726216361        0.0617409907        0.0531945899        0.0462290496        0.0405271240        0.0358371437        0.0319124870        0.0285866819
        0.1398712546        0.5432761908        0.4053986669        0.3045964241        0.2328990996        0.1818630248        0.1450082660        0.1178654954        0.0974570140        0.0818124563        0.0695217699        0.0598825999        0.0520251021        0.0455956347        0.0403117351        0.0358915143        0.0321460105
        0.1516716480        0.5938795209        0.4418112636        0.3310717940        0.2525821626        0.1968778074        0.1567523926        0.1272620261        0.1051265895        0.0881835818        0.0748816282        0.0644731894        0.0559868477        0.0490471348        0.0433511734        0.0385886058        0.0345534831
        0.1644675881        0.6565699577        0.4868369699        0.3637588620        0.2768537998        0.2153760791        0.1712115258        0.1388252079        0.1145612448        0.0960188806        0.0814721882        0.0701168627        0.0608569682        0.0532897860        0.0470870659        0.0419035330        0.0375123955
        0.1783430725        0.7601995468        0.5622674227        0.4191972017        0.3184634745        0.2473774552        0.1964151859        0.1591077000        0.1311963499        0.1098927557        0.0931897163        0.0801741630        0.0695594847        0.0608896352        0.0537901260        0.0478595570        0.0428361744
        0.1933890879        0.8796833158        0.6488364339        0.4825570285        0.3658505678        0.2837159634        0.2249668539        0.1820403785        0.1499757767        0.1255354285        0.1063859239        0.0914927498        0.0793459788        0.0694304332        0.0613196529        0.0545473807        0.0488118306
        0.2097046673        0.9736156464        0.7147801518        0.5294265151        0.4000154436        0.3093511164        0.2447470576        0.1976913959        0.1626346707        0.1359738857        0.1151088253        0.0989319310        0.0857375860        0.0749771968        0.0661908090        0.0588599145        0.0526527986
        0.2273965180        1.0856382847        0.7929760814        0.5847082734        0.4401246309        0.3393288553        0.2678037584        0.2158873081        0.1773206294        0.1480630785        0.1251959503        0.1075257733        0.0931139141        0.0813730583        0.0718041286        0.0638269410        0.0570745617
        0.2465810627        1.2523620129        0.9109174013        0.6691545844        0.5020974278        0.3861083984        0.3040872216        0.2447250783        0.2007343322        0.1674315780        0.1414326280        0.1213975847        0.1050582677        0.0917591900        0.0809372962        0.0719218701        0.0642926767
        0.2673841417        1.4101957083        1.0196655989        0.7450723052        0.5565581322        0.4264177680        0.3348380923        0.2688294649        0.2200810462        0.1832852066        0.1546072215        0.1325912774        0.1146400943        0.1000478193        0.0881994069        0.0783386379        0.0699973702
        0.2899422944        1.5891988277        1.1414798498        0.8290687799        0.6161314845        0.4700711966        0.3678550720        0.2945232987        0.2405787259        0.1999979913        0.1684324145        0.1443021446        0.1246335506        0.1086689830        0.0957380310        0.0849886984        0.0759001896
        0.3144034445        1.8225189447        1.3008739948        0.9393912554        0.6946513653        0.5277925730        0.4116376042        0.3286813498        0.2678894401        0.2223079801        0.1869228780        0.1599822044        0.1380320489        0.1202417836        0.1058661565        0.0939294919        0.0838421434
        0.3409285843        2.0643539429        1.4619301558        1.0479780436        0.7700254917        0.5819576979        0.4519115090        0.3595665693        0.2922243476        0.2419441491        0.2030135542        0.1735238135        0.1495126933        0.1300893426        0.1144410297        0.1014668941        0.0905102566
        0.3696912229        2.3669548035        1.6633696556        1.1836826801        0.8641386032        0.6495345831        0.5021255016        0.3980570734        0.3225421309        0.2664031982        0.2230562121        0.1903884560        0.1638113111        0.1423552483        0.1251219213        0.1108557805        0.0988170058
        0.4008804262        2.7158417702        1.8927115202        1.3360427618        0.9683297276        0.7233645916        0.5563340783        0.4391745925        0.3546356261        0.2920950353        0.2439604998        0.2078901976        0.1785763502        0.1549656242        0.1360668242        0.1204500645        0.1072833836
        0.4347013533        3.1288421154        2.1618852615        1.5130662918        1.0881085396        0.8073697090        0.6174298525        0.4851238132        0.3902347684        0.3204117417        0.2668669224        0.2269867659        0.1946202666        0.1686182618        0.1478835344        0.1307842284        0.1163827479
        0.4713751674        3.6176388264        2.4778306484        1.7187174559        1.2257019281        0.9027912021        0.6860963702        0.5362706184        0.4295218885        0.3514293432        0.2917868495        0.2476561666        0.2118995190        0.1832575798        0.1605114788        0.1417961270        0.1260529906
        0.5111432672        4.1994686127        2.8514363766        1.9597294331        1.3853015900        1.0123002529        0.7640900612        0.5938096046        0.4733372331        0.3857581615        0.3191732168        0.2702492774        0.2306890488        0.1991028041        0.1741304994        0.1536357999        0.1364205033
        0.5542663932        4.8931322098        3.2945070267        2.2432649136        1.5712270737        1.1385316849        0.8530509472        0.6587855220        0.5223618746        0.4238524735        0.3493315279        0.2949805558        0.2511383295        0.2162588388        0.1888162047        0.1663581878        0.1475249231
        0.6010276675        5.7208399773        3.8212280273        2.5780301094        1.7887651920        1.2847216129        0.9549958110        0.7324829698        0.5774327517        0.4662701190        0.3826369345        0.3221131563        0.2734311223        0.2348545939        0.2046616226        0.1800310761        0.1594153047
        0.6517337561        6.7091174126        4.4489784241        2.9749212265        2.0446510315        1.4550629854        1.0725836754        0.8166292310        0.6397011280        0.5137989521        0.4196371734        0.3520443439        0.2978573143        0.2551050484        0.2218309790        0.1947821975        0.1721918136
        0.7067179680        7.8881616592        5.1980171204        3.4468305111        2.3469164371        1.6545636654        1.2089815140        0.9132686853        0.7105177045        0.5673531890        0.4609599710        0.3852228522        0.3247390985        0.2772445381        0.2404999286        0.2107453644        0.1859569848
        0.7663409710        9.2918586731        6.0917725563        4.0089812279        2.7051620483        1.8892471790        1.3680057526        1.0248616934        0.7915017009        0.6280227304        0.5073483586        0.4221753180        0.3544510901        0.3015429080        0.2608683407        0.2280709147        0.2008244395
        0.8309937716       10.9576101303        7.1570863724        4.6792831421        3.1308810711        2.1664028168        1.5543023348        1.1544126272        0.8846330047        0.6971402168        0.5597113967        0.4635448158        0.3874504566        0.3283292651        0.2831797600        0.2469418943        0.2169324309
        0.9011018872       12.9256620407        8.4241619110        5.4785490036        3.6377184391        2.4947998524        1.7735053301        1.3055804968        0.9923274517        0.7763322592        0.6191580296        0.5101142526        0.4242929518        0.3580034077        0.3077293932        0.2675797045        0.2344481349
        0.9771238565       15.2377529144        9.9261026382        6.4304947853        4.2416238785        2.8848538399        2.0323700905        1.4827734232        1.1174995899        0.8675595522        0.6870226264        0.5628221035        0.4656420946        0.3910400569        0.3348657489        0.2902440727        0.2535661757
        1.0595599413       17.9357643127       11.6984167099        7.5618019104        4.9611186981        3.3489120007        2.3390088081        1.6913263798        1.2636932135        0.9732115865        0.7649330497        0.6228120327        0.5123060942        0.4280171990        0.3650126159        0.3152503967        0.2745226622
        1.1489509344       21.0598411560       13.7780961990        8.9019355774        5.8174700737        3.9015226364        2.7031457424        1.9377112389        1.4352415800        1.0962268114        0.8549014926        0.6915020943        0.5652905703        0.4696573615        0.3987019956        0.3429962397        0.2976172566
        1.2458827496       24.6454639435       16.2016277313       10.4821624756        6.8343110085        4.5593318939        3.1361093521        2.2295422554        1.6372660398        1.2400786877        0.9592999220        0.7705538869        0.6257651448        0.5167929530        0.4365392327        0.3739283383        0.3231812418
        1.3509930372       28.7221508026       19.0039062500       12.3351984024        8.0378360748        5.3414936066        3.6512691975        2.5759654045        1.8759950399        1.4090311527        1.0810630322        0.8620346189        0.6951940656        0.5704724193        0.4792920351        0.4086169600        0.3516415656
        1.4649710655       33.3109054565       22.2155876160       14.4935255051        9.4559650421        6.2693567276        4.2639603615        2.9876663685        2.1587913036        1.6081573963        1.2236944437        0.9684121013        0.7753224969        0.6319422722        0.5278688073        0.4477329254        0.3834972084
        1.5885648727       38.4235954285       25.8613204956       16.9879817963       11.1177196503        7.3663582802        4.9916253090        3.4770913124        2.4943666458        1.8435246944        1.3914146423        1.0926702023        0.8682664037        0.7027161121        0.5833728313        0.4920908213        0.4193537533
        1.7225850821       44.0633163452       29.9580020905       19.8459873199       13.0521306992        8.6575832367        5.8537464142        4.0585427284        2.8929276466        2.1223340034        1.5892785788        1.2384015322        0.9765823483        0.7846268415        0.6471410394        0.5426778793        0.4599450827
        1.8679137230       50.2265205383       34.5138740540       23.0897560120       15.2869148254       10.1690979004        6.8716492653        4.7482147217        3.3663017750        2.4530644417        1.8233054876        1.4099124670        1.1033496857        0.8798891306        0.7207905650        0.6006879807        0.5061582327
        2.0255012512       56.9061508179       39.5282897949       26.7344856262       17.8467559814       11.9268798828        8.0679969788        5.5640535355        3.9279663563        2.8455631733        2.1005792618        1.6123143435        1.2522447109        0.9911558032        0.8062611818        0.6675534248        0.5590571165
        2.1963858604       64.0971374512       44.9938468933       30.7877922058       20.7520332336       13.9558706284        9.4663419724        6.5256447792        4.5931301117        3.3112046719        2.4294240475        1.8516806364        1.4276725054        1.1216259003        0.9059007764        0.7450121641        0.6199347377
        2.3816852570       71.8004837036       50.8986663818       35.2491455078       24.0171222687       16.2784023285       11.0900983810        7.6536998749        5.3785386086        3.8628673553        2.8194515705        2.1351201534        1.6348400116        1.2751058340        1.0225150585        0.8351455331        0.6903410554
        2.5826175213       80.0276489258       57.2309112549       40.1112556458       27.6497154236       18.9130496979       12.9616575241        8.9695720673        6.3023080826        4.5149512291        3.2816689014        2.4709100723        1.8798855543        1.4561245441        1.1594609022        0.9404535890        0.7721434236
        2.8005027771       88.8013992310       63.9828529358       45.3620834351       31.6504878998       21.8733482361       15.1011867523       10.4944486618        7.3834967613        5.2832188606        3.8284718990        2.8685584068        2.1699652672        1.6700186729        1.3207247257        1.0639201403        0.8675780296
        3.0367703438       98.1540069580       71.1543579102       50.9880065918       36.0138130188       25.1670265198       17.5254745483       12.2484493256        8.6415739059        6.1845502853        4.4735856056        3.3388478756        2.5133423805        1.9230353832        1.5110172033        1.2090953588        0.9793189168
        3.2929706573      108.1230087280       78.7544631958       56.9772377014       40.7293128967       28.7957572937       20.2469692230       14.2496252060       10.0956954956        7.2365422249        5.2318992615        3.8938086033        2.9194333553        2.2224071026        1.7358540297        1.3801718950        1.1105442047
        3.5707857609      118.7462615967       86.8005371094       63.3229560852       45.7842979431       32.7556953430       23.2731380463       16.5130233765       11.7639112473        8.4569768906        6.1191878319        4.5466198921        3.3988158703        2.5764124393        2.0016407967        1.5820679665        1.2650109529
        3.8720388412      130.0586395264       95.3148498535       70.0249862671       51.1663131714       37.0386199951       26.6062698364       19.0498542786       13.6622972488        9.8631763458        7.1517171860        5.3114175797        3.9631710052        2.9944019318        2.3157308102        1.8205035925        1.4471321106
        4.1987075806      142.0914764404      104.3204193115       77.0897369385       56.8656234741       41.6337776184       30.2439117432       21.8670444489       15.8041696548       11.4712734222        8.3457269669        6.2029919624        4.6251521111        3.4867701530        2.6864616871        2.1020607948        1.6620455980
        4.5529360771      154.8735656738      113.8372039795       84.5285186768       62.8766593933       46.5298118591       34.1798210144       24.9671230316       18.1994609833       13.2954854965        9.7168321609        7.2363801003        5.3981513977        4.0648584366        3.1231427193        2.4342222214        1.9156742096
        4.9370450974      168.4323730469      123.8802490234       92.3544845581       69.1983642578       51.7164535522       38.4052619934       28.3485584259       20.8543300629       15.3474349976       11.2793579102        8.4263629913        6.2959799767        4.7407832146        3.6359903812        2.8253717422        2.2147648335
        5.3535637856      182.7941589355      134.4608764648      100.5799407959       75.8336563110       57.1859588623       42.9106597900       32.0067329407       23.7713088989       17.6357955933       13.0458106995        9.7869701385        7.3324995041        5.5272154808        4.2360215187        3.2847692966        2.5669128895
        5.8052229881      197.9805755615      145.5877685547      109.2136001587       82.7875137329       62.9330520630       47.6865844727       35.9347801208       26.9495105743       20.1659431458       15.0262660980       11.3308506012        8.5211048126        6.4370069504        4.9348230362        3.8224310875        2.9805197716
        6.2949872017      214.0046844482      157.2692565918      118.2598266602       90.0653839111       68.9548797607       52.7246704102       40.1247520447       30.3854179382       22.9401454926       17.2281265259       13.0688257217        9.8742723465        7.4828300476        5.7443056107        4.4489870071        3.4647302628
        6.8260707855      230.8668975830      169.5133972168      127.7190856934       97.6714935303       75.2501754761       58.0178489685       44.5684700012       34.0736503601       25.9579067230       19.6560058594       15.0095148087       11.4030809402        8.6767377853        6.6763582230        5.1754493713        4.0292992592
        7.4019594193      248.5574645996      182.3268890381      137.5894165039      105.6074447632       81.8183364868       63.5600814819       49.2580032349       38.0077667236       29.2165470123       22.3118915558       17.1591434479       13.1168451309       10.0297479630        7.7424907684        6.0129384995        4.6844105721
        8.0264339447      267.0680847168      195.7118225098      147.8683624268      113.8715820312       88.6586685181       69.3459854126       54.1857147217       42.1808052063       32.7118415833       25.1955394745       19.5215606689       15.0228700638       11.5514850616        8.9534549713        6.9723610878        5.4404392242
        8.7035923004      286.4008789062      209.6621551514      158.5540924072      122.4588165283       95.7695312500       75.3704681396       59.3441200256       46.5855026245       36.4385261536       28.3048934937       22.0984458923       17.1263542175       13.2498874664       10.3188896179        8.0640697479        6.3076639175
        9.4378709793      306.5606384277      224.1616516113      169.6450805664      131.3614196777      103.1475906372       81.6282272339       64.7255096436       51.2142944336       40.3905944824       31.6365451813       24.8896007538       19.4304828644       15.1310777664       11.8470420837        9.2975444794        7.2959756851
       10.2341079712      327.5367126465      239.1908569336      181.1390228271      140.5710449219      110.7875289917       88.1140136719       70.3220596313       56.0592308044       44.5615882874       35.1862030029       27.8934383392       21.9367046356       17.1994285583       13.5446662903       10.6811704636        8.4146251678
       11.0975189209      349.2975769043      254.7363281250      193.0290222168      150.0794982910      118.6809921265       94.8217620850       76.1252822876       61.1115837097       48.9442100525       38.9486503601       31.1071281433       24.6448783875       19.4575595856       15.4168529510       12.2219734192        9.6718969345
       12.0337734222      371.8172607422      270.7937011719      205.3013458252      159.8800048828      126.8176040649      101.7446289062       82.1264648438       66.3618011475       53.5303688049       42.9179000854       34.5268936157       27.5536403656       21.9066333771       17.4671840668       13.9255962372       11.0749826431
       13.0490159988      395.0874328613      287.3550720215      217.9351196289      169.9668121338      135.1855468750      108.8744201660       88.3166656494       71.7996063232       58.3109474182       47.0870285034       38.1480674744       30.6605758667       24.5465373993       19.6978130341       15.7962846756       12.6298503876
       14.1499099731      419.0854492188      304.3957214355      230.9092712402      180.3331756592      143.7733154297      116.2012176514       94.6866912842       77.4140396118       63.2757110596       51.4480476379       41.9650344849       33.9623031616       27.3760566711       22.1096477509       17.8369731903       14.3412275314
       15.3436822891      443.7671508789      321.8818969727      244.2118377686      190.9688262939      152.5707397461      123.7132186890      101.2270278931       83.1937255859       68.4133529663       55.9917335510       45.9710884094       37.4544677734       30.3929805756       24.7025032043       20.0493984222       16.2126312256
       16.6381530762      469.1088256836      339.7947998047      257.8370361328      201.8575592041      161.5694732666      131.3972015381      107.9274597168       89.1270751953       73.7116012573       60.7075500488       50.1582870483       41.1316413879       33.5940971375       27.4751434326       22.4341907501       18.2464332581
       18.0418663025      495.0826416016      358.1234741211      271.7736511230      212.9787902832      170.7625274658      139.2401123047      114.7770233154       95.2027664185       79.1576843262       65.5839462280       54.5175590515       44.9874076843       36.9753417969       30.4255313873       24.9911212921       20.4440860748
       19.5639686584      521.6411743164      376.8346252441      285.9939880371      224.3139648438      180.1414489746      147.2295532227      121.7631149292      101.4090499878       84.7380828857       70.6078033447       59.0381240845       49.0137557983       40.5312309265       33.5503768921       27.7187786102       22.8058757782
       21.2145252228      548.7601318359      395.8955078125      300.4698486328      235.8541564941      189.6955108643      155.3559265137      128.8726806641      107.7347564697       90.4397506714       75.7656707764       63.7083282471       53.2017135620       44.2554664612       36.8456230164       30.6150875092       25.3314208984
       23.0042896271      576.3918457031      415.2904968262      315.1893615723      247.5940551758      199.4081878662      163.6111145020      136.0917816162      114.1677932739       96.2493438721       81.0429458618       68.5148620605       57.5405769348       48.1400871277       40.3058128357       33.6766662598       28.0191593170
       24.9450702667      604.5056762695      434.9862670898      330.1422729492      259.5214538574      209.2613067627      171.9887390137      143.4080200195      120.6960678101      102.1544570923       86.4253311157       73.4437789917       62.0186347961       52.1761245728       43.9245338440       36.8993339539       30.8667869568
       27.0495891571      633.0590820312      454.9549865723      345.2966613770      271.6120300293      219.2409667969      180.4811096191      150.8107147217      127.3065948486      108.1427841187       91.8983917236       78.4802169800       66.6227569580       56.3531074524       47.6939544678       40.2776298523       33.8708953857
       29.3316555023      662.0137329102      475.1720581055      360.6298828125      283.8446960449      229.3420410156      189.0772857666      158.2917022705      133.9862365723      114.2023391724       97.4481735229       83.6089172363       71.3388595581       60.6593132019       51.6049957275       43.8049392700       37.0270233154
       31.8062534332      691.3313598633      495.6053466797      376.1327819824      296.2131042480      239.5610961914      197.7623443604      165.8449707031      140.7226104736      120.3210906982      103.0615158081       88.8146743774       76.1519699097       65.0818099976       55.6472778320       47.4733963013       40.3295707703
       34.4896240234      720.9802246094      516.2352294922      391.7744445801      308.7067260742      249.8861236572      206.5214843750      173.4652404785      147.5052795410      126.4869308472      108.7260055542       94.0825881958       81.0466613770       69.6066741943       59.8092613220       51.2739448547       43.7718086243
       37.3993415833      750.9132690430      537.0256958008      407.5379638672      321.2984313965      260.2954101562      215.3460845947      181.1453247070      154.3259582520      132.6874847412      114.4296264648       99.3982925415       86.0071411133       74.2190017700       64.0780868530       55.1961936951       47.3457527161
       40.5545768738      781.0899658203      557.9547119141      423.4036560059      333.9759521484      270.7755432129      224.2356567383      188.8753051758      161.1793975830      138.9115142822      120.1611557007      104.7487258911       91.0181503296       78.9035644531       68.4402008057       59.2288322449       51.0424003601
       43.9760475159      811.5125122070      579.0070190430      439.3543395996      346.7316284180      281.3258056641      233.1877441406      196.6423950195      168.0616302490      145.1490173340      125.9093551636      110.1216201782       96.0647583008       83.6446762085       72.8810119629       63.3592948914       54.8514862061
       47.6861381531      842.1169433594      600.1479492188      455.3657531738      359.5390625000      291.9336547852      242.1892700195      204.4367065430      174.9686737061      151.3926849365      131.6633605957      115.5057601929      101.1329879761       88.4267120361       77.3853836060       67.5741271973       58.7616920471
       51.7091789246      872.8049316406      621.3330688477      471.4187622070      372.3898620605      302.5779418945      251.2226562500      212.2557830811      181.8943481445      157.6375885010      137.4129333496      120.8905715942      106.2100143433       93.2344512939       81.9378051758       71.8590774536       62.7606964111
       56.0716819763      903.7255249023      642.6043701172      487.5095214844      385.2718200684      313.2567138672      260.2843322754      220.1024780273      188.8300781250      163.8814697266      143.1496276855      126.2664489746      111.2845153809       98.0537414551       86.5229873657       76.1995391846       66.8355255127
       60.8022270203      934.7599487305      663.9147338867      503.6180725098      398.1695556641      323.9584960938      269.3742980957      227.9726104736      195.7664794922      170.1224822998      148.8671875000      131.6239318848      116.3461608887      102.8711700439       91.1256866455       80.5803451538       70.9722747803
       65.9318084717      965.6333007812      685.1235351562      519.6830444336      411.0555725098      334.6620483398      278.4778137207      235.8527679443      202.6995697021      176.3575134277      154.5616760254      136.9543304443      121.3855590820      107.6747283936       95.7312698364       84.9862442017       75.1565856934
       71.4942855835      996.7944946289      706.4409179688      535.7750244141      423.9466552734      345.3740844727      287.5850524902      243.7345886230      209.6333923340      182.5817718506      160.2321319580      142.2506256104      126.3944168091      112.4540100098      100.3263092041       89.4024047852       79.3738937378
       77.5259780884     1028.1059570312      727.8073730469      551.8754882812      436.8317871094      356.0786132812      296.6964416504      251.6191406250      216.5693511963      188.7879180908      165.8781738281      147.5075683594      131.3647460938      117.1996612549      104.8982696533       93.8141937256       83.6092681885
       84.0665435791     1058.9063720703      748.8433837891      567.7886962891      449.6228332520      366.7424316406      305.7903747559      259.5023498535      223.5003662109      194.9711914062      171.4988708496      152.7223358154      136.2893371582      121.9035797119      109.4362030029       98.2078704834       87.8480529785
       91.1588211060     1090.0491943359      770.0321655273      583.7487182617      462.4122009277      377.3901062012      314.8708801270      267.3741760254      230.4172821045      201.1345977783      177.0919189453      157.8948059082      141.1623992920      126.5584945679      113.9304885864      102.5707168579       92.0758590698
       98.8495330811     1121.5472412109      791.3823852539      599.7845458984      475.2246704102      388.0367126465      323.9439086914      275.2339477539      237.3183898926      207.2825469971      182.6521453857      163.0257263184      145.9797821045      131.1578979492      118.3730316162      106.8913345337       96.2790298462
      107.1890792847     1152.1265869141      812.1409301758      615.4288330078      487.8045959473      398.5557250977      332.9482727051      283.0631103516      244.2014617920      213.4114837646      188.1744079590      168.1154785156      150.7393798828      135.6957244873      122.7567443848      111.1597290039      100.4446563721
      116.2323150635     1182.9713134766      833.0081176758      631.1187744141      500.3783264160      409.0466308594      341.9248657227      290.8644104004      251.0660705566      219.5165252686      193.6617279053      173.1639862061      155.4419250488      140.1673583984      127.0754699707      115.3673400879      104.5610580444
      126.0382614136     1214.5797119141      854.3095092773      647.0444946289      513.0850830078      419.5970764160      350.9176635742      298.6646118164      257.9129943848      225.5965270996      199.1209106445      178.1684417725      160.0892028809      144.5697021484      131.3237762451      119.5069885254      108.6177291870
      136.6716156006     1244.9376220703      874.7542724609      662.3938598633      525.3926391602      429.8955993652      359.7607116699      306.3785400391      264.7126770020      231.6421203613      204.5491790771      183.1237030029      164.6825256348      148.9015808105      135.4970092773      123.5729675293      112.6061401367
      148.2020568848     1275.2303466797      895.1157226562      677.6604614258      537.6306762695      440.1259155273      368.5444641113      314.0444030762      271.4751586914      237.6596069336      209.9445495605      188.0328216553      169.2240753174      153.1651153564      139.5924224854      127.5610427856      116.5195159912
      160.7051391602     1306.8641357422      916.3289794922      693.4505004883      550.1917114258      450.5520019531      377.4324035645      321.7560119629      278.2481689453      243.6676025391      215.3141479492      192.9075622559      173.7155914307      157.3649597168      143.6095733643      131.4682617188      120.3531723022
      174.2631988525     1337.0404052734      936.4962158203      708.5056762695      562.2281494141      460.6039123535      386.0705871582      329.3117065430      284.9278259277      249.6134948730      220.6373901367      197.7427368164      178.1514434814      161.5035705566      147.5492858887      135.2926330566      124.1041336060
      188.9652862549     1366.6557617188      956.2415771484      723.2400512695      574.0311279297      470.4797058105      394.5736389160      336.7653503418      291.5318298340      255.5100708008      225.9234161377      202.5394744873      182.5356750488      165.5860137939      151.4168853760      139.0350494385      127.7716979980
      204.9075469971     1398.2218017578      977.3074951172      738.8682861328      586.4149780273      480.7489624023      403.3329162598      344.3739929199      298.2246704102      261.4458312988      231.2210235596      207.3233489990      186.8908843994      169.6221466064      155.2222290039      142.6994781494      131.3569183350
      222.1945800781     1428.2399902344      997.2428588867      753.6706542969      598.2097167969      490.5793762207      411.7782592773      351.7692565918      304.7761535645      267.2947692871      236.4583282471      212.0616912842      191.2079925537      173.6053314209      158.9683532715      146.2885131836      134.8601989746
      240.9402618408     1457.2730712891     1016.4118041992      767.8760986328      609.5446166992      500.0664062500      419.9548645020      358.9615173340      311.1813659668      273.0406799316      241.6291809082      216.7527008057      195.4835205078      177.5361938477      162.6594238281      149.8076782227      138.2836151123
      261.2674560547     1488.6225585938     1037.2393798828      783.2810058594      621.7352905273      510.1472473145      428.5638122559      366.4565124512      317.7902832031      278.9173583984      246.8763580322      221.4850921631      199.7678680420      181.4523620605      166.3147125244      153.2719116211      141.6340942383
      283.3092956543     1518.4843750000     1056.9744873047      797.8779296875      633.3280029297      519.7981567383      436.8480224609      373.7195739746      324.2387084961      284.6869812012      252.0545043945      226.1675415039      204.0116424561      185.3331604004      169.9196319580      156.6780700684      144.9096984863
      307.2112731934     1547.1625976562     1075.7276611328      811.6582031250      644.2513427734      528.9109497070      444.7033386230      380.6303405762      330.4114990234      290.2512207031      257.0838317871      230.7453308105      208.1786499023      189.1508636475      173.4560546875      160.0162506104      148.1050720215
      333.1294860840     1578.0583496094     1096.1446533203      826.7042846680      656.1345214844      538.7349853516      453.0812683105      387.9417419434      336.8769531250      296.0186462402      262.2478942871      235.4063720703      212.3905029297      192.9760437012      176.9722595215      163.3102569580      151.2347259521
      361.2343139648     1607.7828369141     1115.6843261719      841.0903930664      667.5197143555      548.1805419922      461.1768798828      395.0341186523      343.1811218262      301.6690979004      267.3265380859      240.0011291504      216.5451812744      196.7463836670      180.4346466064      166.5338897705      154.2849884033
      391.7098693848     1636.1588134766     1134.0798339844      854.4844360352      678.0502929688      556.9028320312      468.6674194336      401.6101684570      349.0427246094      306.9545593262      272.1143188477      244.3702697754      220.5249328613      200.3789215088      183.7820434570      169.6455841064      157.2298736572
      424.7568969727     1666.3364257812     1153.8444824219      868.9544067383      689.4215698242      566.2811279297      476.6571655273      408.5780334473      355.2190246582      312.4808959961      277.0770874023      248.8598785400      224.5834045410      204.0541076660      187.1359100342      172.7355194092      160.1280822754
      460.5924072266     1696.0273437500     1173.2486572266      883.1639404297      700.6151733398      575.5314941406      484.5544433594      415.4799804688      361.3542175293      317.9870910645      282.0353698730      253.3542633057      228.6462249756      207.7303619385      190.4823455811      175.8106536865      162.9896087646
      499.4503173828     1724.2321777344     1191.4218750000      896.3083496094      710.8790283203      583.9833374023      491.7840270996      421.8238220215      367.0014038086      323.0755920410      286.6492004395      257.5741882324      232.5011901855      211.2500305176      193.7129669189      178.7969970703      165.7699127197
      541.5869750977     1753.6094970703     1210.4914550781      910.1861572266      721.7491455078      592.9374389648      499.4214782715      428.5001831055      372.9444885254      328.4252319336      291.4873962402      261.9829711914      236.5096740723      214.8953094482      197.0406951904      181.8482360840      168.5874481201
      587.2785644531     1783.5321044922     1230.0145263672      924.4462890625      732.9554443359      602.1881713867      507.3138427734      435.3930969238      379.0687561035      333.9400329590      296.4750061035      266.5255737305      240.6365051270      218.6380920410      200.4468841553      184.9567871094      171.4445343018
      636.8249511719     1811.8397216797     1248.1655273438      937.5144042969      743.1063232422      610.5010986328      514.3906250000      441.5905761719      384.5983886719      338.9221496582      300.9972534180      270.6705932617      244.4331359863      222.1158905029      203.6398773193      187.8956298828      174.1634826660
      690.5507202148     1840.2664794922     1266.3945312500      950.6491699219      753.3286743164      618.8873901367      521.5361328125      447.8392028809      390.1711425781      343.9608459473      305.5771484375      274.8724670410      248.2808380127      225.6345367432      206.8656158447      190.8542480469      176.8823394775
      748.8097534180     1870.4140625000     1286.0034179688      964.9169311523      764.4924316406      628.0644531250      529.3380126953      454.6331787109      396.1891479492      349.3644409180      310.4711914062      279.3402099609      252.3507385254      229.3363494873      210.2360076904      193.9236602783      179.6785736084
      811.9846801758     1898.8703613281     1304.1645507812      977.9178466797      774.5291137695      636.2339477539      536.2499389648      460.6507263184      401.5391845703      354.1889343262      314.8431091309      283.3484802246      256.0250549316      232.7051086426      213.3322601318      196.7668457031      182.2897491455
      880.4877929688     1926.4003906250     1321.6036376953      990.3586425781      784.1272583008      644.0633544922      542.8959960938      466.4590759277      406.7166442871      358.8767700195      319.1206359863      287.2872009277      259.6507568359      236.0408630371      216.4048614502      199.5942687988      184.8860931396
      954.7711181641     1956.9154052734     1341.4018554688     1004.7037963867      795.3062744141      653.2132568359      550.6463623047      473.1875610352      412.6679382324      364.2082519531      323.9386596680      291.6948547363      263.6766052246      239.7136840820      219.7589111328      202.6501159668      187.6634368896
     1035.3214111328     1985.2159423828     1359.3818359375     1017.5249633789      805.1696777344      661.2136230469      557.3959960938      479.0430297852      417.8580627441      368.8816223145      328.1807556152      295.5837097168      267.2458801270      242.9920043945      222.7769317627      205.4250946045      190.2051239014
     1122.6674804688     2012.4294433594     1376.4644775391     1029.5798339844      814.3776855469      668.6479492188      563.6557006836      484.4820861816      422.6909790039      373.2461853027      332.1625061035      299.2571716309      270.6329040527      246.1190490723      225.6705017090      208.0971832275      192.6643981934
     1217.3813476562     2042.7796630859     1396.0710449219     1043.7626953125      825.4063110352      677.6626586914      571.2828369141      491.0986328125      428.5380554199      378.4913024902      336.9003295898      303.5920410156      274.6072082520      249.7597198486      229.0097045898      211.1525421143      195.4459838867
     1320.0882568359     2071.1496582031     1414.0081787109     1056.4929199219      835.1553955078      685.5438232422      577.9039916992      496.8284301758      433.6075744629      383.0503234863      341.0403137207      307.3993835449      278.1099853516      252.9885559082      231.9944915771      213.9067687988      197.9766693115
     1431.4589843750     2098.6354980469     1431.2113037109     1068.5599365234      844.2998657227      692.8660278320      584.0162353516      502.0942993164      438.2570190430      387.2278747559      344.8352966309      310.8979187012      281.3345336914      255.9657440186      234.7546386719      216.4641571045      200.3354644775
     1552.2239990234     2128.7016601562     1450.5015869141     1082.4298095703      855.0443115234      701.6124267578      591.3977661133      508.4891967773      443.9026184082      392.2896728516      349.4207153320      315.0965576172      285.1924743652      259.5177917480      238.0307922363      219.4790039062      203.0960998535
     1683.1790771484     2157.0249023438     1468.3585205078     1095.0526123047      864.6755371094      709.3714599609      597.9026489258      514.1036987305      448.8606567383      396.7454528809      353.4602661133      318.8132324219      288.6192016602      262.6868286133      240.9736175537      222.2087097168      205.6160278320
     1825.1823730469     2184.6406250000     1485.5550537109     1107.0780029297      873.7408447266      716.5956420898      603.8960571289      519.2346191406      453.3673095703      400.7777709961      357.1155700684      322.1782836914      291.7263488770      265.5552978516      243.6338958740      224.6775054932      207.8993072510
     1979.1677246094     2214.4724121094     1504.5855712891     1120.6782226562      884.2030639648      725.0668334961      611.0158081055      525.3874511719      458.7916564941      405.6372375488      361.5115356445      326.2106628418      295.4329833984      268.9787902832      246.8094329834      227.6187438965      210.6112518311
     2146.1403808594     2242.9562988281     1522.4804687500     1133.2998046875      893.8126831055      732.7839965820      617.4668579102      530.9403686523      463.6841125488      410.0268859863      365.4954833984      329.8756408691      298.8153991699      272.1120605469      249.7310028076      230.3430480957      213.1420898438
     2327.2016601562     2270.5195312500     1539.5665283203     1145.1837158203      902.7361450195      739.8604736328      623.3167114258      535.9350585938      468.0529479980      413.9268798828      369.0213317871      333.1224975586      301.8199768066      274.9028015137      252.3264160156      232.7595672607      215.3853149414
     2523.5385742188     2300.0441894531     1558.2836914062     1158.4537353516      912.8732910156      748.0246582031      630.1414794922      541.8101196289      473.2214965820      418.5497131348      373.2024841309      336.9584655762      305.3524780273      278.1683654785      255.3673858643      235.5928649902      218.0159606934
     2736.4396972656     2329.0322265625     1576.5078125000     1171.3006591797      922.6526489258      755.8630981445      636.6742553711      547.4210205078      478.1568603516      422.9696044922      377.2059936523      340.6404418945      308.7484436035      281.3134460449      258.3003540039      238.3380889893      220.5788574219
     2967.2995605469     2356.6774902344     1593.5883789062     1183.1263427734      931.4947509766      762.8506469727      642.4271850586      552.3154907227      482.4221496582      426.7640380859      380.6251525879      343.7799682617      311.6498413086      284.0123291016      260.8266296387      240.6949768066      222.7738189697
     3217.6435546875     2385.6684570312     1611.7023925781     1195.8502197266      941.1223754883      770.5325927734      648.7974243164      557.7577514648      487.1784667969      431.0022583008      384.4496765137      347.2860412598      314.8766784668      286.9974670410      263.6060180664      243.2937011719      225.1966094971
     3489.1035156250     2415.2434082031     1630.3566894531     1208.9747314453      951.0896606445      778.4957275391      655.4311523438      563.4313964844      492.1508483887      435.4353942871      388.4515380859      350.9542236328      318.2546997070      290.1207885742      266.5143127441      246.0104064941      227.7381439209
     3783.4582519531     2443.4626464844     1647.8033447266     1221.0778808594      960.1253662109      785.6213989258      661.2658081055      568.3676147461      496.4290466309      439.2210693359      391.8449707031      354.0533752441      321.0986633301      292.7539062500      268.9732360840      248.3122558594      229.8805847168
     4102.6538085938     2471.9306640625     1665.4078369141     1233.2966308594      969.2576293945      792.8320922852      667.1715698242      573.3637084961      500.7651062012      443.0615539551      395.2898864746      357.2035217285      323.9935302734      295.4308166504      271.4684448242      250.6463165283      232.0668182373
     4448.7788085938     2501.9477539062     1684.3281250000     1246.6265869141      979.3603515625      800.9107666016      673.8851318359      579.1211547852      505.8039245605      447.5531616211      399.3431091309      360.9171752930      327.4161071777      298.5984802246      274.4213867188      253.4058380127      234.6466674805
     4824.1137695312     2530.8737792969     1702.2299804688     1259.0374755859      988.6481933594      808.2130737305      679.8740844727      584.1671142578      510.1684265137      451.3972778320      402.7772521973      364.0447387695      330.2802124023      301.2408752441      276.8837890625      255.7109680176      236.8047027588
     5231.0957031250     2558.7106933594     1719.2493896484     1270.6967773438      997.2531127930      814.9196777344      685.3284301758      588.7385864258      514.1076660156      454.8687744141      405.8830566406      366.8751220703      332.8819274902      303.6523132324      279.1380310059      257.8288269043      238.7953948975
     5672.4228515625     2589.7001953125     1738.8699951172     1284.5485839844     1007.7924194336      823.3739624023      692.3455200195      594.7401733398      519.3521728516      459.5295410156      410.0765075684      370.7113647461      336.4068298340      306.9100036621      282.1729125977      260.6655273438      241.4486083984
     6150.9829101562     2618.5532226562     1756.6813964844     1296.8433837891     1016.9492797852      830.5383911133      698.1983642578      599.6817626953      523.6166381836      463.2863159180      413.4301452637      373.7636108398      339.2060546875      309.4974975586      284.5879516602      262.9331054688      243.5790100098
     6669.9169921875     2646.6767578125     1773.7694091797     1308.5225830078     1025.5241699219      837.1805419922      703.5613403320      604.1316528320      527.4241333008      466.6180419922      416.3935852051      376.4520568848      341.6639099121      311.7677612305      286.7089233398      264.9248657227      245.4515533447
     7232.6318359375     2677.5620117188     1793.1993408203     1322.1705322266     1035.8548583984      845.4212646484      710.3757324219      609.9515991211      532.4960327148      471.1242370605      420.4435119629      380.1531066895      345.0628967285      314.9082336426      289.6365966797      267.6662597656      248.0240783691
     7842.8208007812     2707.0170898438     1811.3085937500     1334.6558837891     1045.1501464844      852.6743774414      716.2886962891      614.9103393555      536.7539672852      474.8582763672      423.7677001953      383.1692199707      347.8187866211      317.4471130371      292.0003967285      269.8787536621      250.0993194580
     8504.4882812500     2735.7473144531     1828.8767089844     1346.6633300781     1053.9274902344      859.4895019531      721.7728881836      619.4633178711      540.6448974609      478.2372741699      426.7562255859      385.8641052246      350.2726745605      319.7025451660      294.0977478027      271.8420410156      251.9418182373
     9221.9794921875     2766.8295898438     1848.4033203125     1360.2939453125     1064.2152099609      867.6427001953      728.5066528320      625.1789550781      545.6055297852      482.6411132812      430.6951904297      389.4595336914      353.5692749023      322.7449951172      296.9325561523      274.4977722168      254.4351654053
    10000.0009765625     2796.5029296875     1866.5218505859     1372.8090820312     1073.4592285156      874.8718872070      734.3644409180      630.0766601562      549.8001708984      486.3162841797      433.9632568359      392.4234619141      356.2761230469      325.2406921387      299.2575378418      276.6766052246      256.4822998047
